symbol_id,seal_id,pc1,pc2
page039_M-4_B_c0_sym_001,page039_M-4_B_c0,1.4166985,0.6290567
page046_M-12_a_c1_sym_001,page046_M-12_a_c1,0.47295043,0.0650423
page046_M-12_a_c1_sym_002,page046_M-12_a_c1,0.4720852,0.07246059
page046_M-12_a_c1_sym_003,page046_M-12_a_c1,-0.45245215,-0.59679854
page046_M-12_a_c1_sym_004,page046_M-12_a_c1,-0.5939916,-0.78178036
page046_M-12_a_c1_sym_005,page046_M-12_a_c1,-1.2263497,-1.1474901
page046_M-12_a_c1_sym_006,page046_M-12_a_c1,0.010156192,-0.34167853
page046_M-12_a_c1_sym_007,page046_M-12_a_c1,1.3209606,0.6514682
page046_M-12_a_c1_sym_008,page046_M-12_a_c1,-1.2289791,-1.1465385
page046_M-12_a_c1_sym_009,page046_M-12_a_c1,-0.591931,-0.70999575
page046_M-12_a_c1_sym_010,page046_M-12_a_c1,-1.0519445,-1.1196523
page046_M-12_a_c1_sym_011,page046_M-12_a_c1,0.50986266,0.120775834
page046_M-12_a_c1_sym_012,page046_M-12_a_c1,-0.31104434,-0.5647523
page046_M-12_a_c1_sym_013,page046_M-12_a_c1,0.7335235,0.1834621
page046_M-12_a_c1_sym_014,page046_M-12_a_c1,-0.5849331,-0.7594406
page046_M-12_a_c1_sym_015,page046_M-12_a_c1,-0.28492942,-0.4533185
page046_M-12_a_c1_sym_016,page046_M-12_a_c1,3.469334,2.3735957
page046_M-12_a_c1_sym_017,page046_M-12_a_c1,-0.95316714,-1.0339522
page046_M-12_a_c1_sym_018,page046_M-12_a_c1,-0.9268964,-0.9388128
page046_M-12_a_c1_sym_019,page046_M-12_a_c1,0.03378662,-0.32969922
page046_M-12_a_c1_sym_020,page046_M-12_a_c1,-1.4160231,-1.165577
page046_M-12_a_c1_sym_021,page046_M-12_a_c1,-0.7018531,-0.87565064
page046_M-12_a_c1_sym_022,page046_M-12_a_c1,-0.4794104,-0.6960212
page046_M-12_a_c1_sym_023,page046_M-12_a_c1,-0.6538907,-0.79692984
page046_M-12_a_c1_sym_024,page046_M-12_a_c1,-4.2706094,-1.615599
page046_M-12_a_c1_sym_025,page046_M-12_a_c1,-3.207221,-1.3554238
page046_M-12_a_c1_sym_026,page046_M-12_a_c1,-1.3156718,-1.1541996
page046_M-12_a_c1_sym_027,page046_M-12_a_c1,-0.5723593,-0.70597607
page046_M-12_a_c1_sym_028,page046_M-12_a_c1,-1.7052759,-1.2117286
page046_M-12_a_c1_sym_029,page046_M-12_a_c1,-0.53646976,-0.6802062
page046_M-12_a_c1_sym_030,page046_M-12_a_c1,0.3295033,-0.03714963
page046_M-12_a_c1_sym_031,page046_M-12_a_c1,1.1485484,0.54733527
page046_M-12_a_c1_sym_032,page046_M-12_a_c1,-0.60362375,-0.67844754
page046_M-12_a_c1_sym_033,page046_M-12_a_c1,-1.021299,-1.1148161
page046_M-12_a_c1_sym_034,page046_M-12_a_c1,1.4568027,0.78782725
page046_M-12_a_c1_sym_035,page046_M-12_a_c1,-1.785756,-1.2013453
page046_M-12_a_c1_sym_036,page046_M-12_a_c1,-1.4409746,-1.1674627
page046_M-12_a_c1_sym_037,page046_M-12_a_c1,-0.49622065,-0.69792384
page046_M-12_a_c1_sym_038,page046_M-12_a_c1,-1.8189194,-1.2332199
page046_M-12_a_c1_sym_039,page046_M-12_a_c1,-1.5029738,-1.1433524
page046_M-12_a_c1_sym_040,page046_M-12_a_c1,-0.3963514,-0.61586976
page046_M-12_a_c1_sym_041,page046_M-12_a_c1,-6.9002833,2.693133
page046_M-12_a_c1_sym_042,page046_M-12_a_c1,2.0153747,1.0237896
page046_M-12_a_c1_sym_043,page046_M-12_a_c1,-4.1099443,0.2859731
page046_M-12_a_c1_sym_044,page046_M-12_a_c1,-10.111211,6.5919313
page046_M-12_a_c1_sym_045,page046_M-12_a_c1,2.0153747,1.0237896
page046_M-12_a_c1_sym_046,page046_M-12_a_c1,-5.0749683,0.70695984
page046_M-12_a_c1_sym_047,page046_M-12_a_c1,-11.625606,11.323106
page046_M-12_a_c1_sym_048,page046_M-12_a_c1,-56.220314,81.84979
page046_M-12_a_c1_sym_049,page046_M-12_a_c1,2.0153747,1.0237896
page046_M-12_a_c1_sym_050,page046_M-12_a_c1,-1.7732363,-1.1410933
page046_M-12_a_c1_sym_051,page046_M-12_a_c1,-1.3869436,-1.1159158
page046_M-12_a_c1_sym_052,page046_M-12_a_c1,2.0153747,1.0237896
page048_M-17_a_c0_sym_001,page048_M-17_a_c0,-3.348308,-1.2473427
page049_M-19_A_c0_sym_001,page049_M-19_A_c0,-0.8476385,-0.9458839
page049_M-19_A_c0_sym_002,page049_M-19_A_c0,-1.2949411,-1.1473467
page049_M-20_A_c0_sym_001,page049_M-20_A_c0,-0.8476385,-0.9458839
page049_M-20_A_c0_sym_002,page049_M-20_A_c0,-1.2949411,-1.1473467
page049_M-21_A_c0_sym_001,page049_M-21_A_c0,-1.0491428,-1.1191516
page050_M-23_A_c0_sym_001,page050_M-23_A_c0,-1.0459496,-1.1190054
page050_M-23_A_c0_sym_002,page050_M-23_A_c0,-0.07029621,-0.39549562
page050_M-23_A_c0_sym_003,page050_M-23_A_c0,-1.1995018,-1.0782719
page050_M-24_A_c0_sym_001,page050_M-24_A_c0,-1.0459496,-1.1190054
page050_M-24_A_c0_sym_002,page050_M-24_A_c0,-0.07029621,-0.39549562
page050_M-24_A_c0_sym_003,page050_M-24_A_c0,-1.1995018,-1.0782719
page054_M-34_a_bis_c1_sym_001,page054_M-34_a_bis_c1,0.6151298,0.07184002
page054_M-34_a_c1_sym_001,page054_M-34_a_c1,0.6151298,0.07184002
page055_M-36_A_c0_sym_001,page055_M-36_A_c0,-0.7347528,-0.88813144
page055_M-36_A_c0_sym_002,page055_M-36_A_c0,0.6687771,0.16032591
page055_M-36_A_c0_sym_003,page055_M-36_A_c0,2.9241898,1.9765884
page055_M-36_A_c0_sym_004,page055_M-36_A_c0,0.535361,0.06628891
page055_M-36_A_c0_sym_005,page055_M-36_A_c0,0.6704514,0.10397299
page055_M-36_A_c0_sym_006,page055_M-36_A_c0,-1.1945567,-1.1170492
page055_M-36_A_c0_sym_007,page055_M-36_A_c0,2.2703323,1.3939794
page055_M-36_A_c0_sym_008,page055_M-36_A_c0,0.1315848,-0.28038648
page055_M-36_A_c0_sym_009,page055_M-36_A_c0,0.953411,0.30065084
page055_M-36_A_c0_sym_010,page055_M-36_A_c0,2.009204,1.2048607
page055_M-36_A_c0_sym_011,page055_M-36_A_c0,-2.4555733,-1.3817115
page055_M-36_A_c0_sym_012,page055_M-36_A_c0,1.0768718,0.41768506
page055_M-36_A_c0_sym_013,page055_M-36_A_c0,2.5961297,1.7252098
page055_M-36_A_c0_sym_014,page055_M-36_A_c0,-1.5200768,-1.1446074
page055_M-36_A_c0_sym_015,page055_M-36_A_c0,0.77095,0.21117128
page055_M-36_A_c0_sym_016,page055_M-36_A_c0,1.8926154,1.0248158
page055_M-36_A_c0_sym_017,page055_M-36_A_c0,0.28792894,-0.15467142
page055_M-36_A_c0_sym_018,page055_M-36_A_c0,1.441921,0.6910634
page055_M-36_A_c0_sym_019,page055_M-36_A_c0,0.37841427,-0.07983921
page055_M-36_A_c0_sym_020,page055_M-36_A_c0,-2.7335997,-1.3897345
page055_M-36_A_c0_sym_021,page055_M-36_A_c0,4.415359,3.1027684
page055_M-36_A_c0_sym_022,page055_M-36_A_c0,0.42101085,-0.046383027
page055_M-36_A_c0_sym_023,page055_M-36_A_c0,-0.29116297,-0.53364897
page055_M-36_A_c0_sym_024,page055_M-36_A_c0,1.1783719,0.48626247
page055_M-36_A_c0_sym_025,page055_M-36_A_c0,0.087470464,-0.27260435
page055_M-36_A_c0_sym_026,page055_M-36_A_c0,0.9221831,0.30241752
page055_M-36_A_c0_sym_027,page055_M-36_A_c0,-0.13275063,-0.4469769
page055_M-36_A_c0_sym_028,page055_M-36_A_c0,0.90532523,0.31474805
page055_M-36_A_c0_sym_029,page055_M-36_A_c0,0.30547577,-0.15411218
page055_M-36_A_c0_sym_030,page055_M-36_A_c0,-1.7749512,-1.2146738
page055_M-36_A_c0_sym_031,page055_M-36_A_c0,0.5200367,0.06314617
page055_M-36_A_c0_sym_032,page055_M-36_A_c0,-0.32572556,-0.50336576
page055_M-36_A_c0_sym_033,page055_M-36_A_c0,-3.2262795,-1.2959747
page055_M-36_A_c0_sym_034,page055_M-36_A_c0,-3.595345,-1.0850676
page055_M-36_A_c0_sym_035,page055_M-36_A_c0,-2.9326568,-1.2921567
page055_M-36_A_c0_sym_036,page055_M-36_A_c0,-1.7896512,-1.1654594
page055_M-36_A_c0_sym_037,page055_M-36_A_c0,-2.873531,-1.2541176
page055_M-36_A_c0_sym_038,page055_M-36_A_c0,-3.7331085,-0.9888552
page055_M-36_A_c0_sym_039,page055_M-36_A_c0,-2.87869,-1.2296739
page055_M-37_A_c0_sym_001,page055_M-37_A_c0,-0.7347528,-0.88813144
page055_M-37_A_c0_sym_002,page055_M-37_A_c0,0.6687771,0.16032591
page055_M-37_A_c0_sym_003,page055_M-37_A_c0,2.9241898,1.9765884
page055_M-37_A_c0_sym_004,page055_M-37_A_c0,0.535361,0.06628891
page055_M-37_A_c0_sym_005,page055_M-37_A_c0,0.6704514,0.10397299
page055_M-37_A_c0_sym_006,page055_M-37_A_c0,-1.1945567,-1.1170492
page055_M-37_A_c0_sym_007,page055_M-37_A_c0,2.2703323,1.3939794
page055_M-37_A_c0_sym_008,page055_M-37_A_c0,0.1315848,-0.28038648
page055_M-37_A_c0_sym_009,page055_M-37_A_c0,0.953411,0.30065084
page055_M-37_A_c0_sym_010,page055_M-37_A_c0,2.009204,1.2048607
page055_M-37_A_c0_sym_011,page055_M-37_A_c0,-2.4555733,-1.3817115
page055_M-37_A_c0_sym_012,page055_M-37_A_c0,1.0768718,0.41768506
page055_M-37_A_c0_sym_013,page055_M-37_A_c0,2.5961297,1.7252098
page055_M-37_A_c0_sym_014,page055_M-37_A_c0,-1.5200768,-1.1446074
page055_M-37_A_c0_sym_015,page055_M-37_A_c0,0.77095,0.21117128
page055_M-37_A_c0_sym_016,page055_M-37_A_c0,1.8926154,1.0248158
page055_M-37_A_c0_sym_017,page055_M-37_A_c0,0.28792894,-0.15467142
page055_M-37_A_c0_sym_018,page055_M-37_A_c0,1.441921,0.6910634
page055_M-37_A_c0_sym_019,page055_M-37_A_c0,0.37841427,-0.07983921
page055_M-37_A_c0_sym_020,page055_M-37_A_c0,-2.7335997,-1.3897345
page055_M-37_A_c0_sym_021,page055_M-37_A_c0,4.415359,3.1027684
page055_M-37_A_c0_sym_022,page055_M-37_A_c0,0.42101085,-0.046383027
page055_M-37_A_c0_sym_023,page055_M-37_A_c0,-0.29116297,-0.53364897
page055_M-37_A_c0_sym_024,page055_M-37_A_c0,1.1783719,0.48626247
page055_M-37_A_c0_sym_025,page055_M-37_A_c0,0.087470464,-0.27260435
page055_M-37_A_c0_sym_026,page055_M-37_A_c0,0.9221831,0.30241752
page055_M-37_A_c0_sym_027,page055_M-37_A_c0,-0.13275063,-0.4469769
page055_M-37_A_c0_sym_028,page055_M-37_A_c0,0.90532523,0.31474805
page055_M-37_A_c0_sym_029,page055_M-37_A_c0,0.30547577,-0.15411218
page055_M-37_A_c0_sym_030,page055_M-37_A_c0,-1.7749512,-1.2146738
page055_M-37_A_c0_sym_031,page055_M-37_A_c0,0.5200367,0.06314617
page055_M-37_A_c0_sym_032,page055_M-37_A_c0,-0.32572556,-0.50336576
page055_M-37_A_c0_sym_033,page055_M-37_A_c0,-3.2262795,-1.2959747
page055_M-37_A_c0_sym_034,page055_M-37_A_c0,-3.595345,-1.0850676
page055_M-37_A_c0_sym_035,page055_M-37_A_c0,-2.9326568,-1.2921567
page055_M-37_A_c0_sym_036,page055_M-37_A_c0,-1.7896512,-1.1654594
page055_M-37_A_c0_sym_037,page055_M-37_A_c0,-2.873531,-1.2541176
page055_M-37_A_c0_sym_038,page055_M-37_A_c0,-3.7331085,-0.9888552
page055_M-37_A_c0_sym_039,page055_M-37_A_c0,-2.87869,-1.2296739
page056_M-38_A_c0_sym_001,page056_M-38_A_c0,-0.13683653,-0.4589046
page056_M-39_c0_sym_001,page056_M-39_c0,-0.13683653,-0.4589046
page056_M-40_c0_sym_001,page056_M-40_c0,0.4720167,-0.005488139
page057_M-43_c0_sym_001,page057_M-43_c0,0.05598943,-0.32084686
page058_M-46_a_c1_sym_001,page058_M-46_a_c1,-0.38914448,-0.597708
page058_M-46_a_c1_sym_002,page058_M-46_a_c1,0.5577594,0.098829485
page058_M-46_a_c1_sym_003,page058_M-46_a_c1,0.49297446,0.035637558
page058_M-46_a_c1_sym_004,page058_M-46_a_c1,-0.17316598,-0.45666456
page058_M-46_a_c1_sym_005,page058_M-46_a_c1,0.82585,0.31227076
page058_M-46_a_c1_sym_006,page058_M-46_a_c1,-0.30444756,-0.57489604
page058_M-46_a_c1_sym_007,page058_M-46_a_c1,-0.37100968,-0.60335267
page058_M-46_a_c1_sym_008,page058_M-46_a_c1,-2.9239123,-1.2870542
page058_M-46_a_c1_sym_009,page058_M-46_a_c1,-0.109137826,-0.37080157
page058_M-46_a_c1_sym_010,page058_M-46_a_c1,1.2557973,0.6421204
page058_M-46_a_c1_sym_011,page058_M-46_a_c1,-0.21173084,-0.48863706
page058_M-46_a_c1_sym_012,page058_M-46_a_c1,0.7571583,0.25104234
page058_M-46_a_c1_sym_013,page058_M-46_a_c1,-0.5747687,-0.7720876
page058_M-46_a_c1_sym_014,page058_M-46_a_c1,-0.20091115,-0.49091905
page058_M-46_a_c1_sym_015,page058_M-46_a_c1,1.5078468,0.77094465
page058_M-46_a_c1_sym_016,page058_M-46_a_c1,-0.08846897,-0.42773038
page058_M-46_a_c1_sym_017,page058_M-46_a_c1,2.877605,1.8732362
page058_M-46_a_c1_sym_018,page058_M-46_a_c1,0.7178393,0.16163658
page058_M-46_a_c1_sym_019,page058_M-46_a_c1,0.023057012,-0.36761954
page058_M-46_a_c1_sym_020,page058_M-46_a_c1,0.20083994,-0.20300706
page058_M-46_a_c1_sym_021,page058_M-46_a_c1,0.39915213,-0.0826598
page058_M-46_a_c1_sym_022,page058_M-46_a_c1,0.606367,0.1656591
page058_M-46_a_c1_sym_023,page058_M-46_a_c1,1.9274423,1.1423259
page058_M-46_a_c1_sym_024,page058_M-46_a_c1,1.9627302,1.2134964
page059_M-47_A_c0_sym_001,page059_M-47_A_c0,-0.42879242,-0.5961215
page059_M-47_A_c0_sym_002,page059_M-47_A_c0,1.3192874,0.6049812
page059_M-49_a_c1_sym_001,page059_M-49_a_c1,-1.0381931,-1.1175519
page059_M-49_a_c1_sym_002,page059_M-49_a_c1,1.9146963,1.145821
page060_M-51_A_c0_sym_001,page060_M-51_A_c0,0.25769028,-0.11172777
page062_M-36_a_c0_sym_001,page062_M-36_a_c0,-2.9932904,-1.2932297
page062_M-56_u_bis_c1_sym_001,page062_M-56_u_bis_c1,2.6129065,1.6849121
page062_M-57_A_c0_sym_001,page062_M-57_A_c0,-2.9932904,-1.2932297
page062_M-57_c1_sym_001,page062_M-57_c1,2.6129065,1.6849121
page064_M-61_A_c0_sym_001,page064_M-61_A_c0,-0.9543442,-1.0022682
page064_M-61_A_c0_sym_002,page064_M-61_A_c0,-0.8277514,-0.8640346
page064_M-61_A_c0_sym_003,page064_M-61_A_c0,-1.0292594,-1.1160686
page066_M-67_a_c1_sym_001,page066_M-67_a_c1,-1.0320411,-1.116549
page066_M-67_a_c1_sym_002,page066_M-67_a_c1,-0.84676886,-0.96338487
page066_M-68_A_c0_sym_001,page066_M-68_A_c0,0.06696193,-0.3056
page066_M-68_A_c0_sym_002,page066_M-68_A_c0,-0.83776367,-0.7889719
page066_M-68_A_c0_sym_003,page066_M-68_A_c0,-1.4318994,-1.1673616
page067_M-70_A_c0_sym_001,page067_M-70_A_c0,-1.0213995,-1.0070463
page067_M-70_A_c0_sym_002,page067_M-70_A_c0,-5.726562,-1.3468254
page067_M-70_A_c0_sym_003,page067_M-70_A_c0,-5.2951097,-1.231805
page067_M-71_c0_sym_001,page067_M-71_c0,-1.0213995,-1.0070463
page067_M-71_c0_sym_002,page067_M-71_c0,-5.726562,-1.3468254
page067_M-71_c0_sym_003,page067_M-71_c0,-5.2951097,-1.231805
page067_M-72_A_c0_sym_001,page067_M-72_A_c0,-0.7168107,-0.81038946
page067_M-72_B_c0_sym_001,page067_M-72_B_c0,-0.7168107,-0.81038946
page067_M-72_c0_sym_001,page067_M-72_c0,-0.7168107,-0.81038946
page068_M-74_a_bis_c1_sym_001,page068_M-74_a_bis_c1,-0.051688924,-0.33241698
page069_M-77_a_c0_sym_001,page069_M-77_a_c0,-1.1968932,-0.94327587
page069_M-77_a_c0_sym_002,page069_M-77_a_c0,0.46084788,-0.021102859
page071_M-84_A_c0_sym_001,page071_M-84_A_c0,-3.0738862,-1.1498253
page071_M-84_A_c0_sym_002,page071_M-84_A_c0,0.31355342,-0.115978606
page071_M-85_c1_sym_001,page071_M-85_c1,0.7473429,0.18612018
page071_M-85_c1_sym_002,page071_M-85_c1,-0.67311597,-0.83551407
page071_M-85_c1_sym_003,page071_M-85_c1,0.34844965,-0.061816536
page071_M-87_A_c0_sym_001,page071_M-87_A_c0,-0.7919807,-0.86608666
page072_M-89_c0_sym_001,page072_M-89_c0,-0.9975763,-0.89802366
page072_M-89_c0_sym_002,page072_M-89_c0,0.23143491,-0.1947866
page072_M-89_c0_sym_003,page072_M-89_c0,0.69673824,0.16016017
page072_M-89_c0_sym_004,page072_M-89_c0,0.65972084,0.10232346
page072_M-91_A_c1_sym_001,page072_M-91_A_c1,0.26270118,-0.16776603
page072_M-92_A_c0_sym_001,page072_M-92_A_c0,-0.9975763,-0.89802366
page072_M-92_A_c0_sym_002,page072_M-92_A_c0,0.23143491,-0.1947866
page072_M-92_A_c0_sym_003,page072_M-92_A_c0,0.69673824,0.16016017
page072_M-92_A_c0_sym_004,page072_M-92_A_c0,0.65972084,0.10232346
page073_M-95_a_bis_c1_sym_001,page073_M-95_a_bis_c1,0.32561624,-0.14599052
page073_M-95_a_c0_sym_001,page073_M-95_a_c0,3.3951185,2.3420398
page073_M-95_a_c0_sym_002,page073_M-95_a_c0,1.1900252,0.5090989
page073_M-96_a_c2_sym_001,page073_M-96_a_c2,-1.5793208,-0.27199984
page073_M-97_A_c0_sym_001,page073_M-97_A_c0,3.9330056,2.6946352
page073_M-98_A_c1_sym_001,page073_M-98_A_c1,0.32561624,-0.14599052
page073_M-99_A_c2_sym_001,page073_M-99_A_c2,-0.8875161,-0.9437257
page073_M-99_A_c2_sym_002,page073_M-99_A_c2,-0.8817953,-0.9429708
page074_M-100_A_c0_sym_001,page074_M-100_A_c0,4.1316423,2.8746774
page074_M-104_A_c0_sym_001,page074_M-104_A_c0,-0.8146284,-0.8240067
page074_M-14_b_c1_sym_001,page074_M-14_b_c1,-0.07755741,-0.3741592
page075_M-105_a_c0_sym_001,page075_M-105_a_c0,4.3081017,2.9835958
page075_M-106_a_c1_sym_001,page075_M-106_a_c1,-1.7382603,-1.1975478
page075_M-107_c0_sym_001,page075_M-107_c0,-0.69788975,-0.7481972
page075_M-109_A_c1_sym_001,page075_M-109_A_c1,-0.7373401,-0.68013185
page075_M-109_A_c1_sym_002,page075_M-109_A_c1,-0.95897204,-1.0185571
page075_M-109_A_c1_sym_003,page075_M-109_A_c1,-0.47567913,-0.7307965
page075_M-109_A_c1_sym_004,page075_M-109_A_c1,-0.088287845,-0.3818057
page076_M-113_c0_sym_001,page076_M-113_c0,-1.196353,-0.98753315
page076_M-113_c0_sym_002,page076_M-113_c0,-0.97674304,-1.006022
page076_M-113_c0_sym_003,page076_M-113_c0,0.068627216,-0.29969463
page077_M-120_a_c0_sym_001,page077_M-120_a_c0,0.19853586,-0.19973174
page077_M-120_a_c0_sym_002,page077_M-120_a_c0,1.7265496,0.8832498
page077_M-120_a_c0_sym_003,page077_M-120_a_c0,-1.5300243,-1.037311
page077_M-121_a_c1_sym_001,page077_M-121_a_c1,3.2627318,2.232875
page077_M-121_a_c1_sym_002,page077_M-121_a_c1,1.2625846,0.6718983
page077_M-121_a_c1_sym_003,page077_M-121_a_c1,5.0435343,3.5975082
page078_M-123_c0_sym_001,page078_M-123_c0,0.050765365,-0.30242845
page078_M-124_a_c1_sym_001,page078_M-124_a_c1,1.3808718,0.65931696
page078_M-124_c0_sym_001,page078_M-124_c0,1.3808718,0.65931696
page078_M-126_A_c0_sym_001,page078_M-126_A_c0,0.050765365,-0.30242845
page078_M-126_c0_sym_001,page078_M-126_c0,0.050765365,-0.30242845
page078_M-127_A_c1_sym_001,page078_M-127_A_c1,1.4320186,0.825957
page080_M-135_A_c1_sym_001,page080_M-135_A_c1,-1.9677136,-0.9846663
page080_M-135_A_c1_sym_002,page080_M-135_A_c1,-0.096690595,-0.4032917
page080_M-135_A_c1_sym_003,page080_M-135_A_c1,1.889186,1.1904877
page080_M-136_i_c0_sym_001,page080_M-136_i_c0,-0.9952035,-0.87209284
page080_M-137_A_c0_sym_001,page080_M-137_A_c0,-1.9677136,-0.9846663
page080_M-137_A_c0_sym_002,page080_M-137_A_c0,-0.096690595,-0.4032917
page080_M-137_A_c0_sym_003,page080_M-137_A_c0,1.889186,1.1904877
page080_M-137_a_c1_sym_001,page080_M-137_a_c1,-1.9677136,-0.9846663
page080_M-137_a_c1_sym_002,page080_M-137_a_c1,-0.096690595,-0.4032917
page080_M-137_a_c1_sym_003,page080_M-137_a_c1,1.889186,1.1904877
page081_M-141_A_c0_sym_001,page081_M-141_A_c0,-1.8377619,-1.0087166
page081_M-144_a_c2_sym_001,page081_M-144_a_c2,-0.6211174,-0.7120475
page081_M-144_c2_sym_001,page081_M-144_c2,-1.8377619,-1.0087166
page082_M-145_a_c0_sym_001,page082_M-145_a_c0,-0.89693516,-0.84196806
page082_M-145_a_c0_sym_002,page082_M-145_a_c0,-0.52433574,-0.6532457
page082_M-145_a_c0_sym_003,page082_M-145_a_c0,-0.94386435,-0.8439737
page082_M-145_a_c0_sym_004,page082_M-145_a_c0,1.365676,0.635693
page082_M-146_A_c0_sym_001,page082_M-146_A_c0,-1.0535996,-0.94764775
page083_M-150_A_c0_sym_001,page083_M-150_A_c0,4.0257363,2.776386
page083_M-152_A_c2_sym_001,page083_M-152_A_c2,-0.17594746,-0.44171256
page083_M-154_A_c1_sym_001,page083_M-154_A_c1,-0.81776816,-0.74798787
page083_M-1_I_c0_sym_001,page083_M-1_I_c0,-0.81776816,-0.74798787
page084_M-156_a_c0_sym_001,page084_M-156_a_c0,-0.4668399,-0.6739169
page084_M-161_c2_sym_001,page084_M-161_c2,-0.97533154,-0.92534757
page085_M-162_a_c0_sym_001,page085_M-162_a_c0,0.45488185,-0.0076548033
page085_M-163_A_c0_sym_001,page085_M-163_A_c0,0.25368246,-0.05836842
page085_M-164_c0_sym_001,page085_M-164_c0,2.3705063,1.5310051
page085_M-164_c0_sym_002,page085_M-164_c0,0.6141871,0.106145374
page085_M-164_c0_sym_003,page085_M-164_c0,1.4274099,0.6893454
page085_M-164_c0_sym_004,page085_M-164_c0,0.5152314,0.006046561
page085_M-164_c0_sym_005,page085_M-164_c0,0.91039324,0.29557627
page085_M-164_c0_sym_006,page085_M-164_c0,0.9537294,0.33301723
page085_M-164_c0_sym_007,page085_M-164_c0,1.0829779,0.41584796
page085_M-164_c0_sym_008,page085_M-164_c0,2.3058994,1.4255285
page085_M-164_c0_sym_009,page085_M-164_c0,0.74353445,0.21981253
page085_M-164_c0_sym_010,page085_M-164_c0,-0.2640698,-0.49604756
page085_M-164_c0_sym_011,page085_M-164_c0,0.81844467,0.23547511
page085_M-164_c0_sym_012,page085_M-164_c0,-0.44110706,-0.5739687
page085_M-164_c0_sym_013,page085_M-164_c0,1.0855105,0.40055642
page085_M-164_c0_sym_014,page085_M-164_c0,0.50456184,0.018432593
page085_M-164_c0_sym_015,page085_M-164_c0,0.91739714,0.29994795
page085_M-164_c0_sym_016,page085_M-164_c0,1.2779216,0.67724496
page085_M-164_c0_sym_017,page085_M-164_c0,0.70245254,0.19034545
page085_M-164_c0_sym_018,page085_M-164_c0,-0.17758638,-0.45579883
page085_M-164_c0_sym_019,page085_M-164_c0,0.9639345,0.3262876
page085_M-164_c0_sym_020,page085_M-164_c0,0.24600245,-0.19738746
page085_M-164_c0_sym_021,page085_M-164_c0,1.5020769,0.7558596
page085_M-164_c0_sym_022,page085_M-164_c0,0.9020484,0.3936413
page085_M-164_c0_sym_023,page085_M-164_c0,-0.48603797,-0.51608026
page085_M-166_A_c1_sym_001,page085_M-166_A_c1,0.25368246,-0.05836842
page085_M-167_A_c2_sym_001,page085_M-167_A_c2,2.3705063,1.5310051
page085_M-167_A_c2_sym_002,page085_M-167_A_c2,0.6141871,0.106145374
page085_M-167_A_c2_sym_003,page085_M-167_A_c2,1.4274099,0.6893454
page085_M-167_A_c2_sym_004,page085_M-167_A_c2,0.5152314,0.006046561
page085_M-167_A_c2_sym_005,page085_M-167_A_c2,0.91039324,0.29557627
page085_M-167_A_c2_sym_006,page085_M-167_A_c2,0.9537294,0.33301723
page085_M-167_A_c2_sym_007,page085_M-167_A_c2,1.0829779,0.41584796
page085_M-167_A_c2_sym_008,page085_M-167_A_c2,2.3058994,1.4255285
page085_M-167_A_c2_sym_009,page085_M-167_A_c2,0.74353445,0.21981253
page085_M-167_A_c2_sym_010,page085_M-167_A_c2,-0.2640698,-0.49604756
page085_M-167_A_c2_sym_011,page085_M-167_A_c2,0.81844467,0.23547511
page085_M-167_A_c2_sym_012,page085_M-167_A_c2,-0.44110706,-0.5739687
page085_M-167_A_c2_sym_013,page085_M-167_A_c2,1.0855105,0.40055642
page085_M-167_A_c2_sym_014,page085_M-167_A_c2,0.50456184,0.018432593
page085_M-167_A_c2_sym_015,page085_M-167_A_c2,0.91739714,0.29994795
page085_M-167_A_c2_sym_016,page085_M-167_A_c2,1.2779216,0.67724496
page085_M-167_A_c2_sym_017,page085_M-167_A_c2,0.70245254,0.19034545
page085_M-167_A_c2_sym_018,page085_M-167_A_c2,-0.17758638,-0.45579883
page085_M-167_A_c2_sym_019,page085_M-167_A_c2,0.9639345,0.3262876
page085_M-167_A_c2_sym_020,page085_M-167_A_c2,0.24600245,-0.19738746
page085_M-167_A_c2_sym_021,page085_M-167_A_c2,1.5020769,0.7558596
page085_M-167_A_c2_sym_022,page085_M-167_A_c2,0.9020484,0.3936413
page085_M-167_A_c2_sym_023,page085_M-167_A_c2,-0.48603797,-0.51608026
page086_M-168_a_c0_sym_001,page086_M-168_a_c0,-0.86399525,-0.96270776
page086_M-168_a_c0_sym_002,page086_M-168_a_c0,4.4760914,3.1269324
page086_M-169_a_c2_sym_001,page086_M-169_a_c2,4.5192213,3.1730583
page086_M-171_a_c1_sym_001,page086_M-171_a_c1,-0.5101455,-0.6263051
page087_M-174_A_c1_sym_001,page087_M-174_A_c1,-0.74911135,-0.8122748
page087_M-177_A_c2_sym_001,page087_M-177_A_c2,-0.74911135,-0.8122748
page087_M-177_a_c3_sym_001,page087_M-177_a_c3,1.7892094,1.0386201
page087_M-177_a_c3_sym_002,page087_M-177_a_c3,1.4103197,0.6714971
page087_M-177_a_c3_sym_003,page087_M-177_a_c3,0.17828555,-0.1845929
page087_M-178_A_c0_sym_001,page087_M-178_A_c0,0.6006748,0.27267596
page087_M-178_a_c1_sym_001,page087_M-178_a_c1,0.6717742,0.1342726
page087_M-178_a_c1_sym_002,page087_M-178_a_c1,-0.2280187,-0.43930545
page087_M-179_A_c2_sym_001,page087_M-179_A_c2,-0.74911135,-0.8122748
page088_M-182_a_c0_sym_001,page088_M-182_a_c0,0.64974236,0.22354446
page088_M-184_A_c0_sym_001,page088_M-184_A_c0,-1.2222445,-0.9576366
page088_M-184_A_c0_sym_002,page088_M-184_A_c0,-1.1116604,-0.97639173
page088_M-184_a_c1_sym_001,page088_M-184_a_c1,0.64974236,0.22354446
page088_M-185_A_c2_sym_001,page088_M-185_A_c2,1.6646026,1.0085275
page088_M-186_A_c0_sym_001,page088_M-186_A_c0,-1.2222445,-0.9576366
page088_M-186_A_c0_sym_002,page088_M-186_A_c0,-1.1116604,-0.97639173
page088_M-186_a_c1_sym_001,page088_M-186_a_c1,0.64974236,0.22354446
page088_M-188_A_c0_sym_001,page088_M-188_A_c0,-1.2222445,-0.9576366
page088_M-188_A_c0_sym_002,page088_M-188_A_c0,-1.1116604,-0.97639173
page088_M-188_a_c1_sym_001,page088_M-188_a_c1,0.64974236,0.22354446
page089_M-190_a_c1_sym_001,page089_M-190_a_c1,0.20912266,-0.17045197
page089_M-191_a_c1_sym_001,page089_M-191_a_c1,4.277852,2.9393578
page089_M-192_A_c2_sym_001,page089_M-192_A_c2,-1.1891489,-0.9371791
page089_M-192_a_c3_sym_001,page089_M-192_a_c3,-0.37365103,-0.5676248
page089_M-192_a_c3_sym_002,page089_M-192_a_c3,-1.013105,-0.7499856
page089_M-193_a_c1_sym_001,page089_M-193_a_c1,4.277852,2.9393578
page089_M-194_A_c2_sym_001,page089_M-194_A_c2,-1.1891489,-0.9371791
page089_M-194_a_c3_sym_001,page089_M-194_a_c3,-0.37365103,-0.5676248
page089_M-194_a_c3_sym_002,page089_M-194_a_c3,-1.013105,-0.7499856
page089_M-195_a_c1_sym_001,page089_M-195_a_c1,-1.2772739,-1.0409726
page089_M-196_c3_sym_001,page089_M-196_c3,-0.3474998,-0.53689533
page089_M-197_a_c1_sym_001,page089_M-197_a_c1,-1.2772739,-1.0409726
page089_M-198_A_c2_sym_001,page089_M-198_A_c2,0.9087584,0.30830762
page089_M-198_a_c3_sym_001,page089_M-198_a_c3,-0.3474998,-0.53689533
page090_M-199_A_c0_sym_001,page090_M-199_A_c0,-1.0341462,-0.9291944
page090_M-199_A_c0_sym_002,page090_M-199_A_c0,-0.31348994,-0.56889206
page090_M-199_A_c0_sym_003,page090_M-199_A_c0,4.8796997,3.4460704
page090_M-199_a_c1_sym_001,page090_M-199_a_c1,0.29571906,-0.113581516
page090_M-200_a_c3_sym_001,page090_M-200_a_c3,-0.9211078,-0.88099074
page090_M-200_a_c3_sym_002,page090_M-200_a_c3,0.12963292,-0.26892233
page090_M-200_a_c3_sym_003,page090_M-200_a_c3,-1.4767072,-1.1588864
page090_M-201_a_c1_sym_001,page090_M-201_a_c1,-1.0743724,-0.90747124
page090_M-202_A_c2_sym_001,page090_M-202_A_c2,-0.9744788,-0.90394837
page090_M-202_a_c3_sym_001,page090_M-202_a_c3,-0.8776978,-0.71883625
page090_M-203_a_c1_sym_001,page090_M-203_a_c1,-1.0743724,-0.90747124
page090_M-204_A_c2_sym_001,page090_M-204_A_c2,-0.9744788,-0.90394837
page090_M-204_a_c3_sym_001,page090_M-204_a_c3,-0.8776978,-0.71883625
page090_M-205_a_c1_sym_001,page090_M-205_a_c1,0.33165225,-0.121776976
page090_M-205_a_c1_sym_002,page090_M-205_a_c1,-0.991946,-1.0412858
page090_M-205_a_c1_sym_003,page090_M-205_a_c1,0.9434322,0.31846136
page090_M-206_A_c2_sym_001,page090_M-206_A_c2,-0.9744788,-0.90394837
page090_M-206_a_c3_sym_001,page090_M-206_a_c3,-0.8776978,-0.71883625
page090_M-207_c1_sym_001,page090_M-207_c1,0.33165225,-0.121776976
page090_M-207_c1_sym_002,page090_M-207_c1,-0.991946,-1.0412858
page090_M-207_c1_sym_003,page090_M-207_c1,0.9434322,0.31846136
page090_M-208_A_c2_sym_001,page090_M-208_A_c2,4.3773675,3.0223286
page090_M-208_a_c3_sym_001,page090_M-208_a_c3,-0.57749087,-0.71221465
page090_M-208_a_c3_sym_002,page090_M-208_a_c3,2.008975,1.216484
page090_M-208_a_c3_sym_003,page090_M-208_a_c3,1.4488766,0.76532155
page090_M-208_a_c3_sym_004,page090_M-208_a_c3,-0.38867423,-0.58734775
page090_M-208_a_c3_sym_005,page090_M-208_a_c3,1.1745433,0.49522513
page090_M-208_a_c3_sym_006,page090_M-208_a_c3,-0.38400677,-0.59679675
page090_M-208_a_c3_sym_007,page090_M-208_a_c3,-0.36873767,-0.59383756
page090_M-208_a_c3_sym_008,page090_M-208_a_c3,-0.47906664,-0.63415
page090_M-208_a_c3_sym_009,page090_M-208_a_c3,1.8993394,1.1112785
page090_M-208_a_c3_sym_010,page090_M-208_a_c3,0.7876569,0.19859356
page090_M-208_a_c3_sym_011,page090_M-208_a_c3,1.9325984,1.1417665
page091_E-5_c0_sym_001,page091_E-5_c0,-0.3193216,-0.5030727
page091_M-209_A_c0_sym_001,page091_M-209_A_c0,1.2698324,0.6702225
page091_M-210_A_c0_sym_001,page091_M-210_A_c0,-0.8925012,-0.8912033
page091_M-210_A_c0_sym_002,page091_M-210_A_c0,0.24443144,-0.17026252
page091_M-210_a_c1_sym_001,page091_M-210_a_c1,-0.13104539,-0.44707325
page091_M-210_a_c1_sym_002,page091_M-210_a_c1,0.70234084,0.1633635
page091_M-210_a_c1_sym_003,page091_M-210_a_c1,1.623088,0.91596967
page091_M-210_a_c1_sym_004,page091_M-210_a_c1,1.38892,0.6615383
page091_M-210_a_c1_sym_005,page091_M-210_a_c1,-0.15942761,-0.42441818
page091_M-210_a_c1_sym_006,page091_M-210_a_c1,1.4254884,0.70178664
page091_M-210_a_c1_sym_007,page091_M-210_a_c1,0.83133036,0.23117983
page091_M-210_a_c1_sym_008,page091_M-210_a_c1,-0.14392036,-0.42251232
page091_M-210_a_c1_sym_009,page091_M-210_a_c1,1.3892188,0.72961086
page091_M-210_a_c1_sym_010,page091_M-210_a_c1,0.44280362,-0.040375944
page091_M-210_a_c1_sym_011,page091_M-210_a_c1,1.6914065,0.9371059
page091_M-210_a_c1_sym_012,page091_M-210_a_c1,0.74026996,0.20177017
page091_M-210_a_c1_sym_013,page091_M-210_a_c1,1.102049,0.4198736
page091_M-210_a_c1_sym_014,page091_M-210_a_c1,-0.14669836,-0.42684042
page091_M-211_A_c0_sym_001,page091_M-211_A_c0,-0.33232817,-0.5754164
page091_M-211_A_c0_sym_002,page091_M-211_A_c0,-0.025559887,-0.3616587
page091_M-211_A_c0_sym_003,page091_M-211_A_c0,0.2121495,-0.20920713
page091_M-211_A_c0_sym_004,page091_M-211_A_c0,-0.92761606,-0.8573952
page091_M-211_A_c0_sym_005,page091_M-211_A_c0,4.7565093,3.3257065
page091_M-211_a_c1_sym_001,page091_M-211_a_c1,1.2698324,0.6702225
page091_M-212_A_c0_sym_001,page091_M-212_A_c0,-1.1285989,-0.9014786
page091_M-213_A_bis_c0_sym_001,page091_M-213_A_bis_c0,-0.3193216,-0.5030727
page091_M-214_a_c2_sym_001,page091_M-214_a_c2,-0.13104539,-0.44707325
page091_M-214_a_c2_sym_002,page091_M-214_a_c2,0.70234084,0.1633635
page091_M-214_a_c2_sym_003,page091_M-214_a_c2,1.623088,0.91596967
page091_M-214_a_c2_sym_004,page091_M-214_a_c2,1.38892,0.6615383
page091_M-214_a_c2_sym_005,page091_M-214_a_c2,-0.15942761,-0.42441818
page091_M-214_a_c2_sym_006,page091_M-214_a_c2,1.4254884,0.70178664
page091_M-214_a_c2_sym_007,page091_M-214_a_c2,0.83133036,0.23117983
page091_M-214_a_c2_sym_008,page091_M-214_a_c2,-0.14392036,-0.42251232
page091_M-214_a_c2_sym_009,page091_M-214_a_c2,1.3892188,0.72961086
page091_M-214_a_c2_sym_010,page091_M-214_a_c2,0.44280362,-0.040375944
page091_M-214_a_c2_sym_011,page091_M-214_a_c2,1.6914065,0.9371059
page091_M-214_a_c2_sym_012,page091_M-214_a_c2,0.74026996,0.20177017
page091_M-214_a_c2_sym_013,page091_M-214_a_c2,1.102049,0.4198736
page091_M-214_a_c2_sym_014,page091_M-214_a_c2,-0.14669836,-0.42684042
page091_M-215_a_c1_sym_001,page091_M-215_a_c1,-0.13104539,-0.44707325
page091_M-215_a_c1_sym_002,page091_M-215_a_c1,0.70234084,0.1633635
page091_M-215_a_c1_sym_003,page091_M-215_a_c1,1.623088,0.91596967
page091_M-215_a_c1_sym_004,page091_M-215_a_c1,1.38892,0.6615383
page091_M-215_a_c1_sym_005,page091_M-215_a_c1,-0.15942761,-0.42441818
page091_M-215_a_c1_sym_006,page091_M-215_a_c1,1.4254884,0.70178664
page091_M-215_a_c1_sym_007,page091_M-215_a_c1,0.83133036,0.23117983
page091_M-215_a_c1_sym_008,page091_M-215_a_c1,-0.14392036,-0.42251232
page091_M-215_a_c1_sym_009,page091_M-215_a_c1,1.3892188,0.72961086
page091_M-215_a_c1_sym_010,page091_M-215_a_c1,0.44280362,-0.040375944
page091_M-215_a_c1_sym_011,page091_M-215_a_c1,1.6914065,0.9371059
page091_M-215_a_c1_sym_012,page091_M-215_a_c1,0.74026996,0.20177017
page091_M-215_a_c1_sym_013,page091_M-215_a_c1,1.102049,0.4198736
page091_M-215_a_c1_sym_014,page091_M-215_a_c1,-0.14669836,-0.42684042
page091_M-216_A_c0_sym_001,page091_M-216_A_c0,-0.3193216,-0.5030727
page091_M-216_a_c1_sym_001,page091_M-216_a_c1,-1.1285989,-0.9014786
page091_M-217_a_c3_sym_001,page091_M-217_a_c3,0.77530634,0.20558925
page091_M-217_a_c3_sym_002,page091_M-217_a_c3,-0.2271106,-0.44844878
page091_M-217_a_c3_sym_003,page091_M-217_a_c3,1.0400106,0.4743866
page092_M-218_A_c0_sym_001,page092_M-218_A_c0,-0.041562155,-0.33426842
page092_M-218_A_c0_sym_002,page092_M-218_A_c0,-1.200826,-0.94333774
page092_M-218_a_c1_sym_001,page092_M-218_a_c1,0.51027167,0.14784478
page092_M-219_a_c2_sym_001,page092_M-219_a_c2,-1.0499426,-0.88859344
page092_M-222_c0_sym_001,page092_M-222_c0,-1.0499426,-0.88859344
page093_M-227_A_c2_sym_001,page093_M-227_A_c2,-0.9399451,-0.8728183
page093_M-228_A_c3_sym_001,page093_M-228_A_c3,-1.6877165,-1.0984598
page093_M-228_u_c3_sym_001,page093_M-228_u_c3,-1.6877165,-1.0984598
page093_M-230_A_c0_sym_001,page093_M-230_A_c0,-1.6877165,-1.0984598
page093_M-232_A_c0_sym_001,page093_M-232_A_c0,-1.2514243,-0.9833494
page094_M-234_A_c0_sym_001,page094_M-234_A_c0,-2.8934042,-1.2889172
page094_M-234_A_c0_sym_002,page094_M-234_A_c0,-2.992724,-1.2958772
page094_M-235_A_c0_sym_001,page094_M-235_A_c0,-2.8934042,-1.2889172
page094_M-235_A_c0_sym_002,page094_M-235_A_c0,-2.992724,-1.2958772
page094_M-236_A_c0_sym_001,page094_M-236_A_c0,-2.8934042,-1.2889172
page094_M-236_A_c0_sym_002,page094_M-236_A_c0,-2.992724,-1.2958772
page096_M-240_a_c1_sym_001,page096_M-240_a_c1,1.1568204,0.5277742
page096_M-241_c0_sym_001,page096_M-241_c0,1.30818,0.7312462
page096_M-242_c0_sym_001,page096_M-242_c0,1.30818,0.7312462
page097_M-243_A_c0_sym_001,page097_M-243_A_c0,-2.878162,-1.1371415
page097_M-243_A_c0_sym_002,page097_M-243_A_c0,-0.76760787,-0.7753427
page097_M-243_A_c0_sym_003,page097_M-243_A_c0,-0.71403337,-0.73682344
page098_M-251_A_c0_sym_001,page098_M-251_A_c0,3.5414765,2.4098163
page098_M-253_A_c0_sym_001,page098_M-253_A_c0,3.5414765,2.4098163
page098_M-253_a_c1_sym_001,page098_M-253_a_c1,3.2641337,2.154247
page098_M-254_A_c2_sym_001,page098_M-254_A_c2,-1.3486457,-0.96421057
page098_M-254_A_c2_sym_002,page098_M-254_A_c2,-1.5166293,-0.96898395
page098_M-255_A_bis_c0_sym_001,page098_M-255_A_bis_c0,-1.2031331,-0.9391238
page098_M-255_A_bis_c0_sym_002,page098_M-255_A_bis_c0,0.86146796,0.2716902
page098_M-255_A_bis_c0_sym_003,page098_M-255_A_bis_c0,0.021432716,-0.32347172
page098_M-255_A_bis_c0_sym_004,page098_M-255_A_bis_c0,-1.0436985,-0.8944945
page098_M-255_A_c0_sym_001,page098_M-255_A_c0,3.2641337,2.154247
page099_M-256_A_c0_sym_001,page099_M-256_A_c0,-1.3506255,-0.90528244
page099_M-257_A_c0_sym_001,page099_M-257_A_c0,5.168361,3.6522331
page099_M-257_a_c1_sym_001,page099_M-257_a_c1,-1.3506255,-0.90528244
page100_M-258_A_c0_sym_001,page100_M-258_A_c0,-1.039342,-1.1176538
page100_M-258_A_c0_sym_002,page100_M-258_A_c0,-0.6358032,-0.69476134
page100_M-258_A_c0_sym_003,page100_M-258_A_c0,-1.5178971,-0.90682656
page100_M-258_A_c0_sym_004,page100_M-258_A_c0,-2.403231,-0.9519265
page100_M-258_a_c1_sym_001,page100_M-258_a_c1,1.5169009,0.89435226
page100_M-259_A_c0_sym_001,page100_M-259_A_c0,-1.039342,-1.1176538
page100_M-259_A_c0_sym_002,page100_M-259_A_c0,-0.6358032,-0.69476134
page100_M-259_A_c0_sym_003,page100_M-259_A_c0,-1.5178971,-0.90682656
page100_M-259_A_c0_sym_004,page100_M-259_A_c0,-2.403231,-0.9519265
page100_M-260_A_c1_sym_001,page100_M-260_A_c1,1.5169009,0.89435226
page100_M-261_A_c2_sym_001,page100_M-261_A_c2,1.5169009,0.89435226
page101_M-263_a_c0_sym_001,page101_M-263_a_c0,-0.9656196,-0.7879136
page101_M-265_a_bis_c2_sym_001,page101_M-265_a_bis_c2,0.023412993,-0.3232942
page101_M-265_a_bis_c2_sym_002,page101_M-265_a_bis_c2,4.2520475,2.947298
page101_M-265_A_c0_sym_001,page101_M-265_A_c0,-0.9656196,-0.7879136
page101_M-265_a_c1_sym_001,page101_M-265_a_c1,-0.9656196,-0.7879136
page103_M-274_A_c0_sym_001,page103_M-274_A_c0,-1.3442043,-1.1869318
page103_M-274_A_c0_sym_002,page103_M-274_A_c0,-1.0776458,-1.1233182
page103_M-274_a_c1_sym_001,page103_M-274_a_c1,0.6353735,0.152633
page103_M-274_a_c1_sym_002,page103_M-274_a_c1,1.42825,0.7872279
page103_M-274_a_c1_sym_003,page103_M-274_a_c1,0.8637108,0.23432899
page103_M-274_a_c1_sym_004,page103_M-274_a_c1,0.27858916,-0.14874913
page103_M-274_a_c1_sym_005,page103_M-274_a_c1,-0.50130737,-0.7107253
page103_M-274_a_c1_sym_006,page103_M-274_a_c1,1.9372857,1.140464
page103_M-274_a_c1_sym_007,page103_M-274_a_c1,1.2146367,0.5472491
page103_M-274_a_c1_sym_008,page103_M-274_a_c1,0.1795441,-0.22667149
page103_M-274_a_c1_sym_009,page103_M-274_a_c1,-0.17486314,-0.4053688
page103_M-274_a_c1_sym_010,page103_M-274_a_c1,0.6443019,0.116608106
page103_M-274_a_c1_sym_011,page103_M-274_a_c1,-0.65027696,-0.83786404
page103_M-274_a_c1_sym_012,page103_M-274_a_c1,-0.0992312,-0.43026713
page103_M-274_a_c1_sym_013,page103_M-274_a_c1,1.8281808,1.0368354
page103_M-274_a_c1_sym_014,page103_M-274_a_c1,0.13834967,-0.23037265
page103_M-274_a_c1_sym_015,page103_M-274_a_c1,0.5482461,0.05612642
page103_M-275_A_c0_sym_001,page103_M-275_A_c0,-1.3442043,-1.1869318
page103_M-275_A_c0_sym_002,page103_M-275_A_c0,-1.0776458,-1.1233182
page103_M-276_A_c1_sym_001,page103_M-276_A_c1,-1.3442043,-1.1869318
page103_M-276_A_c1_sym_002,page103_M-276_A_c1,-1.0776458,-1.1233182
page103_M-277_a_c0_sym_001,page103_M-277_a_c0,-0.6560793,-0.5854896
page103_M-277_a_c0_sym_002,page103_M-277_a_c0,0.97759014,0.3489126
page103_M-277_a_c0_sym_003,page103_M-277_a_c0,3.461974,2.3574724
page103_M-277_a_c0_sym_004,page103_M-277_a_c0,4.9045873,3.4570377
page103_M-277_A_c2_sym_001,page103_M-277_A_c2,0.6353735,0.152633
page103_M-277_A_c2_sym_002,page103_M-277_A_c2,1.42825,0.7872279
page103_M-277_A_c2_sym_003,page103_M-277_A_c2,0.8637108,0.23432899
page103_M-277_A_c2_sym_004,page103_M-277_A_c2,0.27858916,-0.14874913
page103_M-277_A_c2_sym_005,page103_M-277_A_c2,-0.50130737,-0.7107253
page103_M-277_A_c2_sym_006,page103_M-277_A_c2,1.9372857,1.140464
page103_M-277_A_c2_sym_007,page103_M-277_A_c2,1.2146367,0.5472491
page103_M-277_A_c2_sym_008,page103_M-277_A_c2,0.1795441,-0.22667149
page103_M-277_A_c2_sym_009,page103_M-277_A_c2,-0.17486314,-0.4053688
page103_M-277_A_c2_sym_010,page103_M-277_A_c2,0.6443019,0.116608106
page103_M-277_A_c2_sym_011,page103_M-277_A_c2,-0.65027696,-0.83786404
page103_M-277_A_c2_sym_012,page103_M-277_A_c2,-0.0992312,-0.43026713
page103_M-277_A_c2_sym_013,page103_M-277_A_c2,1.8281808,1.0368354
page103_M-277_A_c2_sym_014,page103_M-277_A_c2,0.13834967,-0.23037265
page103_M-277_A_c2_sym_015,page103_M-277_A_c2,0.5482461,0.05612642
page103_M-277_a_ter_c2_sym_001,page103_M-277_a_ter_c2,0.6353735,0.152633
page103_M-277_a_ter_c2_sym_002,page103_M-277_a_ter_c2,1.42825,0.7872279
page103_M-277_a_ter_c2_sym_003,page103_M-277_a_ter_c2,0.8637108,0.23432899
page103_M-277_a_ter_c2_sym_004,page103_M-277_a_ter_c2,0.27858916,-0.14874913
page103_M-277_a_ter_c2_sym_005,page103_M-277_a_ter_c2,-0.50130737,-0.7107253
page103_M-277_a_ter_c2_sym_006,page103_M-277_a_ter_c2,1.9372857,1.140464
page103_M-277_a_ter_c2_sym_007,page103_M-277_a_ter_c2,1.2146367,0.5472491
page103_M-277_a_ter_c2_sym_008,page103_M-277_a_ter_c2,0.1795441,-0.22667149
page103_M-277_a_ter_c2_sym_009,page103_M-277_a_ter_c2,-0.17486314,-0.4053688
page103_M-277_a_ter_c2_sym_010,page103_M-277_a_ter_c2,0.6443019,0.116608106
page103_M-277_a_ter_c2_sym_011,page103_M-277_a_ter_c2,-0.65027696,-0.83786404
page103_M-277_a_ter_c2_sym_012,page103_M-277_a_ter_c2,-0.0992312,-0.43026713
page103_M-277_a_ter_c2_sym_013,page103_M-277_a_ter_c2,1.8281808,1.0368354
page103_M-277_a_ter_c2_sym_014,page103_M-277_a_ter_c2,0.13834967,-0.23037265
page103_M-277_a_ter_c2_sym_015,page103_M-277_a_ter_c2,0.5482461,0.05612642
page104_M-278_A_c0_sym_001,page104_M-278_A_c0,-1.7971756,-0.71042603
page104_M-278_A_c0_sym_002,page104_M-278_A_c0,-1.5493028,-1.1685628
page104_M-279_A_c0_sym_001,page104_M-279_A_c0,-1.7971756,-0.71042603
page104_M-279_A_c0_sym_002,page104_M-279_A_c0,-1.5493028,-1.1685628
page104_M-280_A_c0_sym_001,page104_M-280_A_c0,-1.7282256,-0.9236725
page105_M-283_a_c0_sym_001,page105_M-283_a_c0,2.9686072,1.9918936
page105_M-284_A_c0_sym_001,page105_M-284_A_c0,1.0240514,0.38876143
page105_M-284_A_c0_sym_002,page105_M-284_A_c0,0.06251092,-0.28967607
page105_M-284_A_c0_sym_003,page105_M-284_A_c0,0.11827321,-0.2525277
page105_M-285_A_c1_sym_001,page105_M-285_A_c1,2.9686072,1.9918936
page105_M-286_A_c2_sym_001,page105_M-286_A_c2,0.72236127,0.15872899
page105_M-286_A_c2_sym_002,page105_M-286_A_c2,0.18620323,-0.20935233
page106_M-290_A_c0_sym_001,page106_M-290_A_c0,-0.60372555,-0.6139576
page106_M-290_A_c0_sym_002,page106_M-290_A_c0,5.3998814,3.825138
page107_M-291_A_c0_sym_001,page107_M-291_A_c0,0.44539186,0.004291556
page107_M-291_A_c0_sym_002,page107_M-291_A_c0,3.99738,2.7794888
page107_M-291_A_c0_sym_003,page107_M-291_A_c0,-0.24960919,-0.569993
page107_M-291_A_c0_sym_004,page107_M-291_A_c0,-0.9055952,-0.98875827
page107_M-291_A_c0_sym_005,page107_M-291_A_c0,2.462756,1.5447817
page107_M-291_A_c0_sym_006,page107_M-291_A_c0,4.863951,3.396228
page107_M-291_B_c0_sym_001,page107_M-291_B_c0,0.44539186,0.004291556
page107_M-291_B_c0_sym_002,page107_M-291_B_c0,3.99738,2.7794888
page107_M-291_B_c0_sym_003,page107_M-291_B_c0,-0.24960919,-0.569993
page107_M-291_B_c0_sym_004,page107_M-291_B_c0,-0.9055952,-0.98875827
page107_M-291_B_c0_sym_005,page107_M-291_B_c0,2.462756,1.5447817
page107_M-291_B_c0_sym_006,page107_M-291_B_c0,4.863951,3.396228
page107_M-294_A_c0_sym_001,page107_M-294_A_c0,-1.4791306,-1.0749371
page107_M-294_a_c1_sym_001,page107_M-294_a_c1,-1.4791306,-1.0749371
page108_M-295_B_c0_sym_001,page108_M-295_B_c0,-1.1494439,-0.9342389
page108_M-295_B_c0_sym_002,page108_M-295_B_c0,-0.84665614,-0.81988513
page108_M-296_a_c1_sym_001,page108_M-296_a_c1,5.3259172,3.8265302
page109_M-299_A_c0_sym_001,page109_M-299_A_c0,-1.1323913,-1.1278564
page110_M-300_A_c0_sym_001,page110_M-300_A_c0,-0.69208,-0.69335055
page110_M-300_a_c1_sym_001,page110_M-300_a_c1,-0.4987188,-0.67511606
page110_M-300_a_c1_sym_002,page110_M-300_a_c1,0.53246546,0.03223448
page110_M-300_a_c1_sym_003,page110_M-300_a_c1,1.6647552,0.93837935
page110_M-300_a_c1_sym_004,page110_M-300_a_c1,2.119935,1.2864596
page110_M-300_a_c1_sym_005,page110_M-300_a_c1,-1.0543257,-1.1198694
page110_M-300_a_c1_sym_006,page110_M-300_a_c1,-0.48622322,-0.6478968
page110_M-300_a_c1_sym_007,page110_M-300_a_c1,-0.1156288,-0.40933567
page110_M-300_a_c1_sym_008,page110_M-300_a_c1,1.908875,1.1062673
page110_M-300_a_c1_sym_009,page110_M-300_a_c1,0.21978441,-0.19584559
page110_M-300_a_c1_sym_010,page110_M-300_a_c1,-0.48785806,-0.731428
page110_M-301_A_c0_sym_001,page110_M-301_A_c0,-0.69208,-0.69335055
page110_M-301_a_c1_sym_001,page110_M-301_a_c1,-1.4567223,-1.0618988
page110_M-301_a_c1_sym_002,page110_M-301_a_c1,-0.78402364,-0.79870266
page110_M-302_A_c0_sym_001,page110_M-302_A_c0,-0.69208,-0.69335055
page110_M-302_a_c1_sym_001,page110_M-302_a_c1,-1.4567223,-1.0618988
page110_M-302_a_c1_sym_002,page110_M-302_a_c1,-0.78402364,-0.79870266
page111_M-304_a_bis_c1_sym_001,page111_M-304_a_bis_c1,-1.8136922,-1.0301522
page111_M-304_a_bis_c1_sym_002,page111_M-304_a_bis_c1,-4.3871174,-1.2260567
page111_M-304_a_c0_sym_001,page111_M-304_a_c0,-1.8136922,-1.0301522
page111_M-304_a_c0_sym_002,page111_M-304_a_c0,-4.3871174,-1.2260567
page111_M-304_A_ter_c0_sym_001,page111_M-304_A_ter_c0,-0.34318447,-0.48631123
page111_M-304_A_ter_c0_sym_002,page111_M-304_A_ter_c0,0.8033104,0.22093467
page111_M-304_B_c1_sym_001,page111_M-304_B_c1,-0.119362324,-0.4063281
page111_M-304_C_c0_sym_001,page111_M-304_C_c0,-1.8136922,-1.0301522
page111_M-304_C_c0_sym_002,page111_M-304_C_c0,-4.3871174,-1.2260567
page112_M-305_A_c0_sym_001,page112_M-305_A_c0,-2.4843605,-0.66751033
page112_M-306_a_c0_sym_001,page112_M-306_a_c0,-2.4843605,-0.66751033
page112_M-308_A_c0_sym_001,page112_M-308_A_c0,6.037646,4.3652987
page112_M-308_a_c1_sym_001,page112_M-308_a_c1,-2.1797037,-1.2851132
page112_N-4_c0_sym_001,page112_N-4_c0,-2.4843605,-0.66751033
page113_M-309_A_c0_sym_001,page113_M-309_A_c0,3.9362857,2.727993
page113_M-309_A_c0_sym_002,page113_M-309_A_c0,1.8799046,1.0888182
page113_M-309_A_c0_sym_003,page113_M-309_A_c0,2.2943547,1.3624399
page113_M-309_A_c0_sym_004,page113_M-309_A_c0,-0.71550936,-0.72131354
page113_M-309_A_c0_sym_005,page113_M-309_A_c0,1.9668097,1.0929555
page113_M-309_A_c0_sym_006,page113_M-309_A_c0,0.7600043,0.2196946
page113_M-309_A_c0_sym_007,page113_M-309_A_c0,0.35895354,-0.092309415
page113_M-309_A_c0_sym_008,page113_M-309_A_c0,-1.5780638,-1.1818951
page113_M-309_A_c0_sym_009,page113_M-309_A_c0,1.055582,0.42143056
page113_M-309_A_c0_sym_010,page113_M-309_A_c0,-1.0484831,-1.1190763
page113_M-309_A_c0_sym_011,page113_M-309_A_c0,2.0520678,1.2107596
page113_M-309_A_c0_sym_012,page113_M-309_A_c0,0.3414751,-0.13462394
page113_M-309_A_c0_sym_013,page113_M-309_A_c0,-3.7768583,-1.3096068
page113_M-309_A_c0_sym_014,page113_M-309_A_c0,3.5431504,2.4431477
page113_M-309_A_c0_sym_015,page113_M-309_A_c0,-0.95770675,-0.9459843
page113_M-309_A_c0_sym_016,page113_M-309_A_c0,-0.32613388,-0.5823648
page113_M-309_A_c0_sym_017,page113_M-309_A_c0,0.8485442,0.24383213
page113_M-309_A_c0_sym_018,page113_M-309_A_c0,-0.18453789,-0.4313777
page113_M-309_A_c0_sym_019,page113_M-309_A_c0,-1.0519894,-1.1196262
page113_M-309_A_c0_sym_020,page113_M-309_A_c0,-0.20986918,-0.5032989
page113_M-309_A_c0_sym_021,page113_M-309_A_c0,-3.5584116,-1.4646508
page113_M-309_A_c0_sym_022,page113_M-309_A_c0,-0.432333,-0.6457675
page113_M-309_A_c0_sym_023,page113_M-309_A_c0,-0.52882355,-0.7218261
page113_M-309_A_c0_sym_024,page113_M-309_A_c0,-0.088084735,-0.44346803
page113_M-309_A_c0_sym_025,page113_M-309_A_c0,1.4151142,0.6689689
page113_M-309_A_c0_sym_026,page113_M-309_A_c0,-1.4876537,-1.1593033
page113_M-309_a_c1_sym_001,page113_M-309_a_c1,1.6019318,0.8250266
page113_M-310_a_c1_sym_001,page113_M-310_a_c1,-0.7906748,-0.7740604
page113_M-310_c0_sym_001,page113_M-310_c0,3.9362857,2.727993
page113_M-310_c0_sym_002,page113_M-310_c0,1.8799046,1.0888182
page113_M-310_c0_sym_003,page113_M-310_c0,2.2943547,1.3624399
page113_M-310_c0_sym_004,page113_M-310_c0,-0.71550936,-0.72131354
page113_M-310_c0_sym_005,page113_M-310_c0,1.9668097,1.0929555
page113_M-310_c0_sym_006,page113_M-310_c0,0.7600043,0.2196946
page113_M-310_c0_sym_007,page113_M-310_c0,0.35895354,-0.092309415
page113_M-310_c0_sym_008,page113_M-310_c0,-1.5780638,-1.1818951
page113_M-310_c0_sym_009,page113_M-310_c0,1.055582,0.42143056
page113_M-310_c0_sym_010,page113_M-310_c0,-1.0484831,-1.1190763
page113_M-310_c0_sym_011,page113_M-310_c0,2.0520678,1.2107596
page113_M-310_c0_sym_012,page113_M-310_c0,0.3414751,-0.13462394
page113_M-310_c0_sym_013,page113_M-310_c0,-3.7768583,-1.3096068
page113_M-310_c0_sym_014,page113_M-310_c0,3.5431504,2.4431477
page113_M-310_c0_sym_015,page113_M-310_c0,-0.95770675,-0.9459843
page113_M-310_c0_sym_016,page113_M-310_c0,-0.32613388,-0.5823648
page113_M-310_c0_sym_017,page113_M-310_c0,0.8485442,0.24383213
page113_M-310_c0_sym_018,page113_M-310_c0,-0.18453789,-0.4313777
page113_M-310_c0_sym_019,page113_M-310_c0,-1.0519894,-1.1196262
page113_M-310_c0_sym_020,page113_M-310_c0,-0.20986918,-0.5032989
page113_M-310_c0_sym_021,page113_M-310_c0,-3.5584116,-1.4646508
page113_M-310_c0_sym_022,page113_M-310_c0,-0.432333,-0.6457675
page113_M-310_c0_sym_023,page113_M-310_c0,-0.52882355,-0.7218261
page113_M-310_c0_sym_024,page113_M-310_c0,-0.088084735,-0.44346803
page113_M-310_c0_sym_025,page113_M-310_c0,1.4151142,0.6689689
page113_M-310_c0_sym_026,page113_M-310_c0,-1.4876537,-1.1593033
page113_M-311_a_bis_c0_sym_001,page113_M-311_a_bis_c0,-2.2437975,-1.1692855
page113_M-312_A_c0_sym_001,page113_M-312_A_c0,-0.7906748,-0.7740604
page113_M-312_a_c1_sym_001,page113_M-312_a_c1,-0.7906748,-0.7740604
page114_M-313_a_c0_sym_001,page114_M-313_a_c0,-0.33957288,-0.5375697
page114_M-313_a_c0_sym_002,page114_M-313_a_c0,-0.8141342,-0.76371914
page114_M-313_F_c0_sym_001,page114_M-313_F_c0,-0.33957288,-0.5375697
page114_M-313_F_c0_sym_002,page114_M-313_F_c0,-0.8141342,-0.76371914
page114_M-314_a_c2_sym_001,page114_M-314_a_c2,-0.90698206,-0.82797307
page114_M-316_C_c0_sym_001,page114_M-316_C_c0,-1.3154103,-0.99463636
page114_M-316_D_c1_sym_001,page114_M-316_D_c1,-0.90698206,-0.82797307
page114_M-317_A_c0_sym_001,page114_M-317_A_c0,-0.90698206,-0.82797307
page114_M-317_B_c2_sym_001,page114_M-317_B_c2,1.8964603,1.2344615
page114_M-317_B_c2_sym_002,page114_M-317_B_c2,-1.0644552,-1.1212256
page114_M-317_B_c2_sym_003,page114_M-317_B_c2,1.4891986,0.77204233
page114_M-317_B_c2_sym_004,page114_M-317_B_c2,0.3261528,-0.11369042
page114_M-317_B_c2_sym_005,page114_M-317_B_c2,0.29638442,-0.15198924
page114_M-317_B_c2_sym_006,page114_M-317_B_c2,-0.44042856,-0.67156416
page114_M-317_B_c2_sym_007,page114_M-317_B_c2,4.218449,2.9701731
page114_M-317_B_c2_sym_008,page114_M-317_B_c2,-0.32517013,-0.58028084
page114_M-317_B_c2_sym_009,page114_M-317_B_c2,-1.1446091,-1.1306369
page114_M-317_B_c2_sym_010,page114_M-317_B_c2,-0.7203891,-0.8682677
page114_M-317_B_c2_sym_011,page114_M-317_B_c2,1.5992187,0.80835
page114_M-317_B_c2_sym_012,page114_M-317_B_c2,1.2069058,0.53777647
page114_M-317_B_c2_sym_013,page114_M-317_B_c2,-0.5874319,-0.7379833
page114_M-317_B_c2_sym_014,page114_M-317_B_c2,0.6922349,0.13544318
page114_M-317_B_c2_sym_015,page114_M-317_B_c2,0.0020258466,-0.34193397
page114_M-317_B_c2_sym_016,page114_M-317_B_c2,0.061442785,-0.2857804
page114_M-317_B_c2_sym_017,page114_M-317_B_c2,-5.812629,2.0328333
page114_M-317_C_c0_sym_001,page114_M-317_C_c0,1.8964603,1.2344615
page114_M-317_C_c0_sym_002,page114_M-317_C_c0,-1.0644552,-1.1212256
page114_M-317_C_c0_sym_003,page114_M-317_C_c0,1.4891986,0.77204233
page114_M-317_C_c0_sym_004,page114_M-317_C_c0,0.3261528,-0.11369042
page114_M-317_C_c0_sym_005,page114_M-317_C_c0,0.29638442,-0.15198924
page114_M-317_C_c0_sym_006,page114_M-317_C_c0,-0.44042856,-0.67156416
page114_M-317_C_c0_sym_007,page114_M-317_C_c0,4.218449,2.9701731
page114_M-317_C_c0_sym_008,page114_M-317_C_c0,-0.32517013,-0.58028084
page114_M-317_C_c0_sym_009,page114_M-317_C_c0,-1.1446091,-1.1306369
page114_M-317_C_c0_sym_010,page114_M-317_C_c0,-0.7203891,-0.8682677
page114_M-317_C_c0_sym_011,page114_M-317_C_c0,1.5992187,0.80835
page114_M-317_C_c0_sym_012,page114_M-317_C_c0,1.2069058,0.53777647
page114_M-317_C_c0_sym_013,page114_M-317_C_c0,-0.5874319,-0.7379833
page114_M-317_C_c0_sym_014,page114_M-317_C_c0,0.6922349,0.13544318
page114_M-317_C_c0_sym_015,page114_M-317_C_c0,0.0020258466,-0.34193397
page114_M-317_C_c0_sym_016,page114_M-317_C_c0,0.061442785,-0.2857804
page114_M-317_C_c0_sym_017,page114_M-317_C_c0,-5.812629,2.0328333
page115_M-318_a_c1_sym_001,page115_M-318_a_c1,1.0679297,0.42532903
page115_M-318_b_c0_sym_001,page115_M-318_b_c0,-2.5130959,-1.3878604
page116_M-319_a_c1_sym_001,page116_M-319_a_c1,0.9053004,0.2694449
page116_M-319_a_c1_sym_002,page116_M-319_a_c1,2.6090682,1.7152692
page116_M-319_C_bis_c0_sym_001,page116_M-319_C_bis_c0,0.9053004,0.2694449
page116_M-319_C_bis_c0_sym_002,page116_M-319_C_bis_c0,2.6090682,1.7152692
page116_M-319_E_c0_sym_001,page116_M-319_E_c0,0.9053004,0.2694449
page116_M-319_E_c0_sym_002,page116_M-319_E_c0,2.6090682,1.7152692
page116_M-320_B_c2_sym_001,page116_M-320_B_c2,0.9053004,0.2694449
page116_M-320_B_c2_sym_002,page116_M-320_B_c2,2.6090682,1.7152692
page116_M-320_C_c0_sym_001,page116_M-320_C_c0,0.9053004,0.2694449
page116_M-320_C_c0_sym_002,page116_M-320_C_c0,2.6090682,1.7152692
page117_M-322_a_c1_sym_001,page117_M-322_a_c1,0.0147769265,-0.34050766
page117_M-322_a_c1_sym_002,page117_M-322_a_c1,-1.0369842,-0.9237198
page117_M-323_a_c3_sym_001,page117_M-323_a_c3,0.0147769265,-0.34050766
page117_M-323_a_c3_sym_002,page117_M-323_a_c3,-1.0369842,-0.9237198
page117_M-324_a_c0_sym_001,page117_M-324_a_c0,-0.6230946,-0.636642
page117_M-324_a_c0_sym_002,page117_M-324_a_c0,-0.5970786,-0.6541442
page117_M-324_A_c1_sym_001,page117_M-324_A_c1,-0.6230946,-0.636642
page117_M-324_A_c1_sym_002,page117_M-324_A_c1,-0.5970786,-0.6541442
page118_M-325_A_c0_sym_001,page118_M-325_A_c0,3.6609194,2.5019581
page118_M-325_a_c1_sym_001,page118_M-325_a_c1,1.885002,1.1813662
page118_M-325_B_c2_sym_001,page118_M-325_B_c2,-1.8046471,-0.93903893
page118_M-325_B_c2_sym_002,page118_M-325_B_c2,-1.1407446,-1.077045
page118_M-325_B_c2_sym_003,page118_M-325_B_c2,4.535656,3.1752348
page118_M-325_b_c3_sym_001,page118_M-325_b_c3,-0.5922642,-0.7144146
page118_M-325_b_c3_sym_002,page118_M-325_b_c3,-0.56560653,-0.69176453
page118_M-325_b_c3_sym_003,page118_M-325_b_c3,1.5425951,0.92209876
page118_M-326_A_c0_sym_001,page118_M-326_A_c0,-0.89067435,-0.8225809
page118_M-326_D_c0_sym_001,page118_M-326_D_c0,-3.1941226,-1.13777
page118_M-326_E_c0_sym_001,page118_M-326_E_c0,-0.5922642,-0.7144146
page118_M-326_E_c0_sym_002,page118_M-326_E_c0,-0.56560653,-0.69176453
page118_M-326_E_c0_sym_003,page118_M-326_E_c0,1.5425951,0.92209876
page118_M-326_F_c0_sym_001,page118_M-326_F_c0,-0.5922642,-0.7144146
page118_M-326_F_c0_sym_002,page118_M-326_F_c0,-0.56560653,-0.69176453
page118_M-326_F_c0_sym_003,page118_M-326_F_c0,1.5425951,0.92209876
page118_X-7_c_c0_sym_001,page118_X-7_c_c0,-0.89067435,-0.8225809
page119_M-327_a_c1_sym_001,page119_M-327_a_c1,0.3746423,-0.10581393
page119_M-327_a_c1_sym_002,page119_M-327_a_c1,1.543145,0.82276344
page119_M-327_F_c0_sym_001,page119_M-327_F_c0,-0.79386944,-0.7815197
page119_M-328_c1_sym_001,page119_M-328_c1,0.3746423,-0.10581393
page119_M-328_c1_sym_002,page119_M-328_c1,1.543145,0.82276344
page119_M-328_E_c0_sym_001,page119_M-328_E_c0,-0.79386944,-0.7815197
page119_M-329_E_c0_sym_001,page119_M-329_E_c0,-0.79386944,-0.7815197
page119_M-330_b_c1_sym_001,page119_M-330_b_c1,-0.6899537,-0.809752
page119_M-330_b_c1_sym_002,page119_M-330_b_c1,-0.9807182,-0.9042639
page120_M-331_b_c1_sym_001,page120_M-331_b_c1,0.602452,0.15334179
page120_M-331_d_c1_sym_001,page120_M-331_d_c1,-0.19192883,-0.35140148
page120_M-331_f_c3_sym_001,page120_M-331_f_c3,-0.19192883,-0.35140148
page120_M-332_A_c0_sym_001,page120_M-332_A_c0,-0.6972448,-0.8085589
page120_M-332_A_c0_sym_002,page120_M-332_A_c0,-0.2384819,-0.51306355
page120_M-332_A_c0_sym_003,page120_M-332_A_c0,4.2779694,2.9856474
page120_M-332_a_c1_sym_001,page120_M-332_a_c1,0.602452,0.15334179
page121_M-335_a_c1_sym_001,page121_M-335_a_c1,-1.0007068,-0.855689
page121_M-335_a_c1_sym_002,page121_M-335_a_c1,-0.4035085,-0.6400374
page121_M-337_a_c1_sym_001,page121_M-337_a_c1,4.3084908,2.9826634
page121_M-338_A_c2_sym_001,page121_M-338_A_c2,-0.68756336,-0.8312357
page121_M-338_A_c2_sym_002,page121_M-338_A_c2,0.98181504,0.3461234
page121_M-338_A_c2_sym_003,page121_M-338_A_c2,0.5789584,0.10065441
page121_M-338_A_c2_sym_004,page121_M-338_A_c2,1.7023563,0.91963977
page121_M-338_A_c2_sym_005,page121_M-338_A_c2,-0.73109984,-0.87329286
page121_M-338_A_c2_sym_006,page121_M-338_A_c2,2.5301979,1.6301553
page121_M-338_A_c2_sym_007,page121_M-338_A_c2,-0.71425253,-0.78420013
page121_M-338_A_c2_sym_008,page121_M-338_A_c2,4.1643567,2.9247763
page121_M-338_a_c3_sym_001,page121_M-338_a_c3,-0.25180355,-0.51084423
page121_M-340_A_c2_sym_001,page121_M-340_A_c2,-0.68756336,-0.8312357
page121_M-340_A_c2_sym_002,page121_M-340_A_c2,0.98181504,0.3461234
page121_M-340_A_c2_sym_003,page121_M-340_A_c2,0.5789584,0.10065441
page121_M-340_A_c2_sym_004,page121_M-340_A_c2,1.7023563,0.91963977
page121_M-340_A_c2_sym_005,page121_M-340_A_c2,-0.73109984,-0.87329286
page121_M-340_A_c2_sym_006,page121_M-340_A_c2,2.5301979,1.6301553
page121_M-340_A_c2_sym_007,page121_M-340_A_c2,-0.71425253,-0.78420013
page121_M-340_A_c2_sym_008,page121_M-340_A_c2,4.1643567,2.9247763
page121_M-340_a_c3_sym_001,page121_M-340_a_c3,-0.25180355,-0.51084423
page121_M-341_A_c0_sym_001,page121_M-341_A_c0,4.193803,2.872183
page121_M-342_A_c2_sym_001,page121_M-342_A_c2,5.184531,3.6767716
page121_M-343_A_c0_sym_001,page121_M-343_A_c0,3.6477664,2.4354625
page121_M-344_A_c2_sym_001,page121_M-344_A_c2,5.184531,3.6767716
page122_M-345_A_c0_sym_001,page122_M-345_A_c0,3.540723,2.3929849
page122_M-346_A_c0_sym_001,page122_M-346_A_c0,4.2671146,2.9508038
page122_M-346_a_c1_sym_001,page122_M-346_a_c1,-0.42014802,-0.6129657
page122_M-347_A_c0_sym_001,page122_M-347_A_c0,3.540723,2.3929849
page122_M-349_A_c0_sym_001,page122_M-349_A_c0,-0.9504502,-0.8589066
page122_M-349_A_c0_sym_002,page122_M-349_A_c0,0.5762153,0.08076252
page122_M-349_A_c0_sym_003,page122_M-349_A_c0,0.12750782,-0.22064121
page122_M-349_a_c1_sym_001,page122_M-349_a_c1,-0.79886866,-0.82643443
page122_M-351_A_c0_sym_001,page122_M-351_A_c0,-0.9504502,-0.8589066
page122_M-351_A_c0_sym_002,page122_M-351_A_c0,0.5762153,0.08076252
page122_M-351_A_c0_sym_003,page122_M-351_A_c0,0.12750782,-0.22064121
page122_M-351_a_c1_sym_001,page122_M-351_a_c1,-0.79886866,-0.82643443
page122_M-351_B_c2_sym_001,page122_M-351_B_c2,-0.79886866,-0.82643443
page123_M-352_B_c0_sym_001,page123_M-352_B_c0,4.2377987,2.9102008
page123_M-352_c0_sym_001,page123_M-352_c0,0.48146558,-0.01000438
page123_M-352_c0_sym_002,page123_M-352_c0,-0.42564595,-0.58232903
page123_M-352_C_c0_sym_001,page123_M-352_C_c0,0.37616274,0.030521423
page123_M-352_D_c1_sym_001,page123_M-352_D_c1,0.48146558,-0.01000438
page123_M-352_D_c1_sym_002,page123_M-352_D_c1,-0.42564595,-0.58232903
page123_M-352_f_c3_sym_001,page123_M-352_f_c3,0.48146558,-0.01000438
page123_M-352_f_c3_sym_002,page123_M-352_f_c3,-0.42564595,-0.58232903
page124_M-354_A_c0_sym_001,page124_M-354_A_c0,-1.7781222,-0.9266228
page124_M-354_A_c0_sym_002,page124_M-354_A_c0,-1.0637747,-0.90096104
page125_M-356_A_bis_c0_sym_001,page125_M-356_A_bis_c0,-1.2734015,-1.1147519
page125_M-356_A_c0_sym_001,page125_M-356_A_c0,-1.2734015,-1.1147519
page126_M-358_A_c0_sym_001,page126_M-358_A_c0,-2.6539116,-1.2895182
page127_M-363_a_c0_sym_001,page127_M-363_a_c0,-1.5076047,-1.1457355
page127_M-365_A_c1_sym_001,page127_M-365_A_c1,-1.5076047,-1.1457355
page127_M-366_A_c1_sym_001,page127_M-366_A_c1,-2.1038916,-0.91505414
page128_M-367_a_c0_sym_001,page128_M-367_a_c0,-1.5323926,-1.074115
page128_M-368_A_c0_sym_001,page128_M-368_A_c0,-1.5323926,-1.074115
page128_M-369_A_c0_sym_001,page128_M-369_A_c0,-3.8616161,-1.3224419
page128_M-369_A_c0_sym_002,page128_M-369_A_c0,-0.9395285,-0.9671858
page128_M-370_A_c1_sym_001,page128_M-370_A_c1,-3.757971,-1.4611876
page128_M-370_A_c1_sym_002,page128_M-370_A_c1,-4.681886,-1.5022587
page129_M-371_A_c0_sym_001,page129_M-371_A_c0,-6.5926075,-0.21026203
page129_M-372_A_c1_sym_001,page129_M-372_A_c1,-3.9825892,-1.5490134
page129_M-375_A_c0_sym_001,page129_M-375_A_c0,-1.2769023,-1.0884554
page130_M-378_A_c0_sym_001,page130_M-378_A_c0,-0.85912156,-0.80683106
page130_M-378_A_c0_sym_002,page130_M-378_A_c0,-0.260324,-0.517159
page130_M-380_A_c0_sym_001,page130_M-380_A_c0,-0.85912156,-0.80683106
page130_M-380_A_c0_sym_002,page130_M-380_A_c0,-0.260324,-0.517159
page130_M-381_A_c1_sym_001,page130_M-381_A_c1,-0.75266576,-0.8323621
page131_M-382_A_c0_sym_001,page131_M-382_A_c0,0.29499614,-0.11724296
page131_M-382_A_c0_sym_002,page131_M-382_A_c0,-1.0473495,-0.817986
page131_M-383_c1_sym_001,page131_M-383_c1,-1.2330754,-1.038081
page131_M-383_c1_sym_002,page131_M-383_c1,-0.35515714,-0.5493057
page131_M-384_A_c2_sym_001,page131_M-384_A_c2,1.7527255,1.0996563
page131_M-386_A_c1_sym_001,page131_M-386_A_c1,-1.2330754,-1.038081
page131_M-386_A_c1_sym_002,page131_M-386_A_c1,-0.35515714,-0.5493057
page131_M-387_A_c2_sym_001,page131_M-387_A_c2,1.7527255,1.0996563
page131_M-390_A_c2_sym_001,page131_M-390_A_c2,-2.7077127,-0.5866155
page132_M-391_A_c0_sym_001,page132_M-391_A_c0,-3.9525414,-1.5367523
page132_M-392_A_c1_sym_001,page132_M-392_A_c1,-1.0651488,-0.976281
page132_M-394_A_c1_sym_001,page132_M-394_A_c1,-1.0651488,-0.976281
page133_M-397_A_c0_sym_001,page133_M-397_A_c0,-0.874495,-0.9706429
page133_M-397_A_c0_sym_002,page133_M-397_A_c0,-0.28521317,-0.5560159
page133_M-397_A_c0_sym_003,page133_M-397_A_c0,1.5594357,0.9256659
page133_M-400_A_c0_sym_001,page133_M-400_A_c0,-0.874495,-0.9706429
page133_M-400_A_c0_sym_002,page133_M-400_A_c0,-0.28521317,-0.5560159
page133_M-400_A_c0_sym_003,page133_M-400_A_c0,1.5594357,0.9256659
page134_M-407_a_c1_sym_001,page134_M-407_a_c1,-1.1463816,-0.9528387
page134_M-408_A_c0_sym_001,page134_M-408_A_c0,3.1088982,2.0772712
page134_M-408_a_c1_sym_001,page134_M-408_a_c1,2.4253578,1.5722326
page134_M-409_A_c0_sym_001,page134_M-409_A_c0,3.1088982,2.0772712
page134_M-409_B_c0_sym_001,page134_M-409_B_c0,1.9919221,1.249853
page134_M-409_s_c1_sym_001,page134_M-409_s_c1,2.4253578,1.5722326
page134_M-410_A_c0_sym_001,page134_M-410_A_c0,3.1088982,2.0772712
page134_M-410_B_c0_sym_001,page134_M-410_B_c0,2.4253578,1.5722326
page134_M-410_C_c0_sym_001,page134_M-410_C_c0,2.4253578,1.5722326
page134_M-410_E_c1_sym_001,page134_M-410_E_c1,2.4253578,1.5722326
page135_M-411_a_c0_sym_001,page135_M-411_a_c0,-1.1328156,-1.1310717
page135_M-412_a_c0_sym_001,page135_M-412_a_c0,-1.1328156,-1.1310717
page135_M-412_A_c1_sym_001,page135_M-412_A_c1,-1.1328156,-1.1310717
page135_M-413_F_c0_sym_001,page135_M-413_F_c0,-0.80519754,-0.8122902
page136_M-414_B_c1_sym_001,page136_M-414_B_c1,-0.06647232,-0.31955594
page136_M-414_B_c1_sym_002,page136_M-414_B_c1,-0.20137201,-0.32719368
page136_M-414_B_c1_sym_003,page136_M-414_B_c1,-1.4486542,-1.1378524
page136_M-414_B_c1_sym_004,page136_M-414_B_c1,-1.449924,-1.1823795
page136_M-414_B_c1_sym_005,page136_M-414_B_c1,-0.9505854,-1.0291113
page136_M-414_C_c0_sym_001,page136_M-414_C_c0,-0.06647232,-0.31955594
page136_M-414_C_c0_sym_002,page136_M-414_C_c0,-0.20137201,-0.32719368
page136_M-414_C_c0_sym_003,page136_M-414_C_c0,-1.4486542,-1.1378524
page136_M-414_C_c0_sym_004,page136_M-414_C_c0,-1.449924,-1.1823795
page136_M-414_C_c0_sym_005,page136_M-414_C_c0,-0.9505854,-1.0291113
page136_M-414_D_c1_sym_001,page136_M-414_D_c1,-0.06647232,-0.31955594
page136_M-414_D_c1_sym_002,page136_M-414_D_c1,-0.20137201,-0.32719368
page136_M-414_D_c1_sym_003,page136_M-414_D_c1,-1.4486542,-1.1378524
page136_M-414_D_c1_sym_004,page136_M-414_D_c1,-1.449924,-1.1823795
page136_M-414_D_c1_sym_005,page136_M-414_D_c1,-0.9505854,-1.0291113
page136_M-414_E_c1_sym_001,page136_M-414_E_c1,-0.06647232,-0.31955594
page136_M-414_E_c1_sym_002,page136_M-414_E_c1,-0.20137201,-0.32719368
page136_M-414_E_c1_sym_003,page136_M-414_E_c1,-1.4486542,-1.1378524
page136_M-414_E_c1_sym_004,page136_M-414_E_c1,-1.449924,-1.1823795
page136_M-414_E_c1_sym_005,page136_M-414_E_c1,-0.9505854,-1.0291113
page136_M-414_F_c0_sym_001,page136_M-414_F_c0,-0.06647232,-0.31955594
page136_M-414_F_c0_sym_002,page136_M-414_F_c0,-0.20137201,-0.32719368
page136_M-414_F_c0_sym_003,page136_M-414_F_c0,-1.4486542,-1.1378524
page136_M-414_F_c0_sym_004,page136_M-414_F_c0,-1.449924,-1.1823795
page136_M-414_F_c0_sym_005,page136_M-414_F_c0,-0.9505854,-1.0291113
page136_M-415_a_bis_c0_sym_001,page136_M-415_a_bis_c0,1.1995012,0.6122623
page136_M-415_a_bis_c0_sym_002,page136_M-415_a_bis_c0,0.7780726,0.19363488
page137_M-416_A_c1_sym_001,page137_M-416_A_c1,3.7203631,2.569908
page138_M-418_A__1__c0_sym_001,page138_M-418_A__1__c0,1.9675623,1.192679
page138_M-418_A__5__c4_sym_001,page138_M-418_A__5__c4,0.8252024,0.36925894
page138_M-4_I_c2_sym_001,page138_M-4_I_c2,-0.46127814,-0.63602215
page138_M-4_I_c2_sym_002,page138_M-4_I_c2,0.06591969,-0.27059403
page138_S-4_c0_sym_001,page138_S-4_c0,-0.46127814,-0.63602215
page138_S-4_c0_sym_002,page138_S-4_c0,0.06591969,-0.27059403
page139_M-420_A__2__c0_sym_001,page139_M-420_A__2__c0,-5.142727,-0.48880255
page139_M-421_A__2__c1_sym_001,page139_M-421_A__2__c1,-0.35376137,-0.5177296
page139_M-422_A__2__c1_sym_001,page139_M-422_A__2__c1,-0.35376137,-0.5177296
page140_M-424_A__2__c0_sym_001,page140_M-424_A__2__c0,-1.2039055,-1.1399606
page143_M-430_A_c0_sym_001,page143_M-430_A_c0,3.9669583,2.7337456
page143_M-430_B_c1_sym_001,page143_M-430_B_c1,4.2781477,2.9868789
page143_M-430_C_c0_sym_001,page143_M-430_C_c0,4.2781477,2.9868789
page143_M-431_B_c0_sym_001,page143_M-431_B_c0,1.2838355,0.5716583
page143_M-431_B_c0_sym_002,page143_M-431_B_c0,0.35334548,-0.009176335
page143_M-432_A_bis_c0_sym_001,page143_M-432_A_bis_c0,-1.0732825,-0.8638344
page143_M-432_A_bis_c0_sym_002,page143_M-432_A_bis_c0,3.889717,2.651624
page144_M-436_A_c0_sym_001,page144_M-436_A_c0,-1.2275332,-0.9704798
page144_M-436_A_c0_sym_002,page144_M-436_A_c0,-1.2674465,-1.0015706
page144_M-436_A_c0_sym_003,page144_M-436_A_c0,3.8590908,2.6317117
page144_M-437_E_c1_sym_001,page144_M-437_E_c1,4.9244676,3.483714
page144_M-438_B_c1_sym_001,page144_M-438_B_c1,4.9244676,3.483714
page144_M-438_D_c2_sym_001,page144_M-438_D_c2,4.6491356,3.2489705
page144_M-438_E_c0_sym_001,page144_M-438_E_c0,4.9244676,3.483714
page144_M-439_A_c0_sym_001,page144_M-439_A_c0,-2.9239895,-1.14009
page144_M-439_A_c0_sym_002,page144_M-439_A_c0,-1.1578835,-0.9270398
page144_M-439_A_c0_sym_003,page144_M-439_A_c0,-0.20301735,-0.42136702
page144_M-439_A_c0_sym_004,page144_M-439_A_c0,0.97872263,0.35017428
page144_M-439_A_c0_sym_005,page144_M-439_A_c0,1.0845689,0.43084106
page144_M-439_A_c0_sym_006,page144_M-439_A_c0,-0.232054,-0.50267434
page144_M-439_A_c0_sym_007,page144_M-439_A_c0,0.57004124,0.051143534
page144_M-439_A_c0_sym_008,page144_M-439_A_c0,0.68780047,0.11779762
page144_M-439_A_c0_sym_009,page144_M-439_A_c0,-0.6210847,-0.7075219
page144_M-439_A_c0_sym_010,page144_M-439_A_c0,1.4949669,0.76158345
page144_M-439_A_c0_sym_011,page144_M-439_A_c0,2.6515763,1.6953287
page144_M-439_A_c0_sym_012,page144_M-439_A_c0,0.73653644,0.3636616
page144_M-439_A_c0_sym_013,page144_M-439_A_c0,0.8329066,0.25098032
page144_M-439_A_c0_sym_014,page144_M-439_A_c0,0.3800453,-0.06772616
page144_M-439_A_c0_sym_015,page144_M-439_A_c0,0.18905531,-0.18509251
page144_M-439_A_c0_sym_016,page144_M-439_A_c0,0.37707493,-0.08959314
page144_M-439_A_c0_sym_017,page144_M-439_A_c0,0.74696624,0.1725753
page144_M-439_A_c0_sym_018,page144_M-439_A_c0,0.6147774,0.09433785
page144_M-439_A_c0_sym_019,page144_M-439_A_c0,3.185285,2.175462
page144_M-439_A_c0_sym_020,page144_M-439_A_c0,-0.30146173,-0.5151206
page144_M-439_A_c0_sym_021,page144_M-439_A_c0,-0.48704594,-0.5952303
page144_M-439_A_c0_sym_022,page144_M-439_A_c0,-0.06432733,-0.35189155
page144_M-439_A_c0_sym_023,page144_M-439_A_c0,1.0610614,0.46722594
page144_M-439_A_c0_sym_024,page144_M-439_A_c0,0.76163435,0.21661061
page144_M-439_A_c0_sym_025,page144_M-439_A_c0,-0.19487475,-0.47261655
page144_M-439_A_c0_sym_026,page144_M-439_A_c0,0.032454427,-0.31332454
page144_M-439_A_c0_sym_027,page144_M-439_A_c0,0.28879,-0.12988898
page144_M-439_A_c0_sym_028,page144_M-439_A_c0,0.45433748,-0.017250523
page144_M-439_A_c0_sym_029,page144_M-439_A_c0,-0.018801054,-0.31950906
page144_M-439_A_c0_sym_030,page144_M-439_A_c0,0.23915803,-0.15780963
page144_M-439_A_c0_sym_031,page144_M-439_A_c0,0.7947368,0.2050106
page144_M-439_A_c0_sym_032,page144_M-439_A_c0,1.1188744,0.46203125
page144_M-439_A_c0_sym_033,page144_M-439_A_c0,0.040855203,-0.28619108
page144_M-439_A_c0_sym_034,page144_M-439_A_c0,0.6563588,0.08029192
page144_M-439_A_c0_sym_035,page144_M-439_A_c0,0.678344,0.14012729
page144_M-439_A_c0_sym_036,page144_M-439_A_c0,0.07266921,-0.30335882
page144_M-439_A_c0_sym_037,page144_M-439_A_c0,0.07625909,-0.28548145
page144_M-439_A_c0_sym_038,page144_M-439_A_c0,0.43215585,-0.056554865
page144_M-440_C_c0_sym_001,page144_M-440_C_c0,4.6491356,3.2489705
page145_M-441_B_c0_sym_001,page145_M-441_B_c0,4.2839727,2.9846964
page145_M-443_A_c0_sym_001,page145_M-443_A_c0,5.388114,3.8119395
page145_M-443_B_c2_sym_001,page145_M-443_B_c2,0.035896465,-0.31784487
page145_M-443_B_c2_sym_002,page145_M-443_B_c2,0.09525121,-0.26156732
page145_M-443_B_c2_sym_003,page145_M-443_B_c2,0.28965208,-0.10922755
page145_M-443_B_c2_sym_004,page145_M-443_B_c2,0.36840987,-0.09083783
page145_M-443_B_c2_sym_005,page145_M-443_B_c2,-0.1774307,-0.4496461
page145_M-443_B_c2_sym_006,page145_M-443_B_c2,0.18620883,-0.20695437
page145_M-443_B_c2_sym_007,page145_M-443_B_c2,0.05638288,-0.2981114
page145_M-443_B_c2_sym_008,page145_M-443_B_c2,0.76168305,0.18415456
page145_M-443_B_c2_sym_009,page145_M-443_B_c2,0.010989317,-0.29727542
page145_M-443_B_c2_sym_010,page145_M-443_B_c2,5.990667,4.315515
page145_M-444_A_c0_sym_001,page145_M-444_A_c0,5.388114,3.8119395
page145_M-444_B_c0_sym_001,page145_M-444_B_c0,4.0415463,2.8240314
page146_M-445_B_c0_sym_001,page146_M-445_B_c0,2.1444893,1.3210943
page146_M-446_B_c0_sym_001,page146_M-446_B_c0,-0.47521475,-0.60754746
page146_M-447_A_c0_sym_001,page146_M-447_A_c0,-1.0727162,-1.1228508
page146_M-447_A_c0_sym_002,page146_M-447_A_c0,-1.3311976,-1.106372
page146_M-448_A_c0_sym_001,page146_M-448_A_c0,-1.7322398,-1.197615
page146_M-448_B_c0_sym_001,page146_M-448_B_c0,-1.7322398,-1.197615
page146_M-448_C_c0_sym_001,page146_M-448_C_c0,-1.7322398,-1.197615
page146_M-450_A_c0_sym_001,page146_M-450_A_c0,-1.7322398,-1.197615
page146_M-450_a_c1_sym_001,page146_M-450_a_c1,-0.47521475,-0.60754746
page146_M-450_B_c0_sym_001,page146_M-450_B_c0,-1.7322398,-1.197615
page146_M-451_C_c0_sym_001,page146_M-451_C_c0,-1.7322398,-1.197615
page147_M-452_A_c0_sym_001,page147_M-452_A_c0,1.5878042,0.8718938
page147_M-452_A_c0_sym_002,page147_M-452_A_c0,-7.7510223,6.422215
page147_M-452_A_c0_sym_003,page147_M-452_A_c0,3.6678245,2.5572398
page147_M-452_A_c0_sym_004,page147_M-452_A_c0,-3.1067588,-1.252292
page147_M-452_A_c0_sym_005,page147_M-452_A_c0,2.7413225,1.8069662
page147_M-452_A_c0_sym_006,page147_M-452_A_c0,-0.5493316,-0.6512557
page147_M-452_A_c0_sym_007,page147_M-452_A_c0,-3.0005953,-1.2896283
page147_M-452_A_c0_sym_008,page147_M-452_A_c0,0.8116849,0.31003153
page147_M-452_A_c0_sym_009,page147_M-452_A_c0,-2.9506593,-1.2919406
page147_M-452_A_c0_sym_010,page147_M-452_A_c0,-0.5534416,-0.6310512
page147_M-452_B_c1_sym_001,page147_M-452_B_c1,1.9604433,1.256995
page147_M-453_A_c0_sym_001,page147_M-453_A_c0,1.5878042,0.8718938
page147_M-453_A_c0_sym_002,page147_M-453_A_c0,-7.7510223,6.422215
page147_M-453_A_c0_sym_003,page147_M-453_A_c0,3.6678245,2.5572398
page147_M-453_A_c0_sym_004,page147_M-453_A_c0,-3.1067588,-1.252292
page147_M-453_A_c0_sym_005,page147_M-453_A_c0,2.7413225,1.8069662
page147_M-453_A_c0_sym_006,page147_M-453_A_c0,-0.5493316,-0.6512557
page147_M-453_A_c0_sym_007,page147_M-453_A_c0,-3.0005953,-1.2896283
page147_M-453_A_c0_sym_008,page147_M-453_A_c0,0.8116849,0.31003153
page147_M-453_A_c0_sym_009,page147_M-453_A_c0,-2.9506593,-1.2919406
page147_M-453_A_c0_sym_010,page147_M-453_A_c0,-0.5534416,-0.6310512
page147_M-453_B_c1_sym_001,page147_M-453_B_c1,1.9604433,1.256995
page147_M-454_A_bis_c0_sym_001,page147_M-454_A_bis_c0,1.5878042,0.8718938
page147_M-454_A_bis_c0_sym_002,page147_M-454_A_bis_c0,-7.7510223,6.422215
page147_M-454_A_bis_c0_sym_003,page147_M-454_A_bis_c0,3.6678245,2.5572398
page147_M-454_A_bis_c0_sym_004,page147_M-454_A_bis_c0,-3.1067588,-1.252292
page147_M-454_A_bis_c0_sym_005,page147_M-454_A_bis_c0,2.7413225,1.8069662
page147_M-454_A_bis_c0_sym_006,page147_M-454_A_bis_c0,-0.5493316,-0.6512557
page147_M-454_A_bis_c0_sym_007,page147_M-454_A_bis_c0,-3.0005953,-1.2896283
page147_M-454_A_bis_c0_sym_008,page147_M-454_A_bis_c0,0.8116849,0.31003153
page147_M-454_A_bis_c0_sym_009,page147_M-454_A_bis_c0,-2.9506593,-1.2919406
page147_M-454_A_bis_c0_sym_010,page147_M-454_A_bis_c0,-0.5534416,-0.6310512
page147_M-454_A_c0_sym_001,page147_M-454_A_c0,1.5878042,0.8718938
page147_M-454_A_c0_sym_002,page147_M-454_A_c0,-7.7510223,6.422215
page147_M-454_A_c0_sym_003,page147_M-454_A_c0,3.6678245,2.5572398
page147_M-454_A_c0_sym_004,page147_M-454_A_c0,-3.1067588,-1.252292
page147_M-454_A_c0_sym_005,page147_M-454_A_c0,2.7413225,1.8069662
page147_M-454_A_c0_sym_006,page147_M-454_A_c0,-0.5493316,-0.6512557
page147_M-454_A_c0_sym_007,page147_M-454_A_c0,-3.0005953,-1.2896283
page147_M-454_A_c0_sym_008,page147_M-454_A_c0,0.8116849,0.31003153
page147_M-454_A_c0_sym_009,page147_M-454_A_c0,-2.9506593,-1.2919406
page147_M-454_A_c0_sym_010,page147_M-454_A_c0,-0.5534416,-0.6310512
page147_M-454_B_bis_c1_sym_001,page147_M-454_B_bis_c1,1.9604433,1.256995
page147_M-454_B_c1_sym_001,page147_M-454_B_c1,1.9604433,1.256995
page147_M-455_A_c0_sym_001,page147_M-455_A_c0,1.5878042,0.8718938
page147_M-455_A_c0_sym_002,page147_M-455_A_c0,-7.7510223,6.422215
page147_M-455_A_c0_sym_003,page147_M-455_A_c0,3.6678245,2.5572398
page147_M-455_A_c0_sym_004,page147_M-455_A_c0,-3.1067588,-1.252292
page147_M-455_A_c0_sym_005,page147_M-455_A_c0,2.7413225,1.8069662
page147_M-455_A_c0_sym_006,page147_M-455_A_c0,-0.5493316,-0.6512557
page147_M-455_A_c0_sym_007,page147_M-455_A_c0,-3.0005953,-1.2896283
page147_M-455_A_c0_sym_008,page147_M-455_A_c0,0.8116849,0.31003153
page147_M-455_A_c0_sym_009,page147_M-455_A_c0,-2.9506593,-1.2919406
page147_M-455_A_c0_sym_010,page147_M-455_A_c0,-0.5534416,-0.6310512
page147_M-455_B_bis_c0_sym_001,page147_M-455_B_bis_c0,-0.43880883,-0.5885476
page147_M-455_B_c1_sym_001,page147_M-455_B_c1,-0.6714239,-0.77996147
page147_M-456_B_c0_sym_001,page147_M-456_B_c0,4.0604277,2.8128405
page148_M-457_A_c0_sym_001,page148_M-457_A_c0,1.52024,0.93000734
page148_M-457_B_c0_sym_001,page148_M-457_B_c0,1.52024,0.93000734
page148_M-457_E_c0_sym_001,page148_M-457_E_c0,1.52024,0.93000734
page148_M-459_A_c0_sym_001,page148_M-459_A_c0,1.4073763,0.82628876
page148_M-460_A_c2_sym_001,page148_M-460_A_c2,1.8628738,1.1530887
page148_M-462_A_c0_sym_001,page148_M-462_A_c0,1.8628738,1.1530887
page148_M-464_A_c0_sym_001,page148_M-464_A_c0,2.1123676,1.3496991
page149_M-465_B_c0_sym_001,page149_M-465_B_c0,2.0261483,1.2852223
page149_M-466_A_c0_sym_001,page149_M-466_A_c0,2.1172705,1.3058814
page149_M-466_A_c0_sym_002,page149_M-466_A_c0,-0.4325374,-0.6334462
page149_M-466_A_c0_sym_003,page149_M-466_A_c0,1.5439055,0.8486957
page149_M-466_A_c0_sym_004,page149_M-466_A_c0,1.7246288,0.928392
page149_M-466_A_c0_sym_005,page149_M-466_A_c0,0.648751,0.11784082
page149_M-466_A_c0_sym_006,page149_M-466_A_c0,0.9813767,0.34337294
page149_M-466_A_c0_sym_007,page149_M-466_A_c0,2.3127728,1.5024801
page149_M-466_B_c1_sym_001,page149_M-466_B_c1,2.0261483,1.2852223
page149_M-467_A_bis_c0_sym_001,page149_M-467_A_bis_c0,2.1172705,1.3058814
page149_M-467_A_bis_c0_sym_002,page149_M-467_A_bis_c0,-0.4325374,-0.6334462
page149_M-467_A_bis_c0_sym_003,page149_M-467_A_bis_c0,1.5439055,0.8486957
page149_M-467_A_bis_c0_sym_004,page149_M-467_A_bis_c0,1.7246288,0.928392
page149_M-467_A_bis_c0_sym_005,page149_M-467_A_bis_c0,0.648751,0.11784082
page149_M-467_A_bis_c0_sym_006,page149_M-467_A_bis_c0,0.9813767,0.34337294
page149_M-467_A_bis_c0_sym_007,page149_M-467_A_bis_c0,2.3127728,1.5024801
page149_M-467_A_c0_sym_001,page149_M-467_A_c0,2.1172705,1.3058814
page149_M-467_A_c0_sym_002,page149_M-467_A_c0,-0.4325374,-0.6334462
page149_M-467_A_c0_sym_003,page149_M-467_A_c0,1.5439055,0.8486957
page149_M-467_A_c0_sym_004,page149_M-467_A_c0,1.7246288,0.928392
page149_M-467_A_c0_sym_005,page149_M-467_A_c0,0.648751,0.11784082
page149_M-467_A_c0_sym_006,page149_M-467_A_c0,0.9813767,0.34337294
page149_M-467_A_c0_sym_007,page149_M-467_A_c0,2.3127728,1.5024801
page149_M-467_B_c0_sym_001,page149_M-467_B_c0,2.0261483,1.2852223
page149_M-468_A_c0_sym_001,page149_M-468_A_c0,-1.1478648,-0.8615605
page149_M-468_E_c0_sym_001,page149_M-468_E_c0,-1.1478648,-0.8615605
page149_M-469_A_c0_sym_001,page149_M-469_A_c0,-1.1478648,-0.8615605
page149_M-470_A_c0_sym_001,page149_M-470_A_c0,-1.1478648,-0.8615605
page150_M-473_A_c0_sym_001,page150_M-473_A_c0,0.9766545,0.3261959
page150_M-473_A_c0_sym_002,page150_M-473_A_c0,0.5087082,0.018665334
page150_M-474_A_bis_c0_sym_001,page150_M-474_A_bis_c0,2.3681667,1.5414324
page150_M-474_A_c0_sym_001,page150_M-474_A_c0,2.3681667,1.5414324
page150_M-475_a_c0_sym_001,page150_M-475_a_c0,0.9766545,0.3261959
page150_M-475_a_c0_sym_002,page150_M-475_a_c0,0.5087082,0.018665334
page150_M-475_A_c1_sym_001,page150_M-475_A_c1,0.9766545,0.3261959
page150_M-475_A_c1_sym_002,page150_M-475_A_c1,0.5087082,0.018665334
page150_M-475_B_c0_sym_001,page150_M-475_B_c0,0.9766545,0.3261959
page150_M-475_B_c0_sym_002,page150_M-475_B_c0,0.5087082,0.018665334
page150_M-476_A_c0_sym_001,page150_M-476_A_c0,2.3681667,1.5414324
page150_M-476_B_c1_sym_001,page150_M-476_B_c1,-0.53066874,-0.65934783
page151_E-4_c0_sym_001,page151_E-4_c0,-1.0650159,-1.0622098
page151_M-478_A_c0_sym_001,page151_M-478_A_c0,-1.6218649,-1.0836127
page151_M-478_B_c1_sym_001,page151_M-478_B_c1,1.0449934,0.55890894
page151_M-478_C_c1_sym_001,page151_M-478_C_c1,-1.6218649,-1.0836127
page151_M-478_D_c3_sym_001,page151_M-478_D_c3,1.0449934,0.55890894
page151_M-478_E_c2_sym_001,page151_M-478_E_c2,1.0449934,0.55890894
page151_M-478_F_c0_sym_001,page151_M-478_F_c0,-1.6218649,-1.0836127
page151_M-479_A_c0_sym_001,page151_M-479_A_c0,-1.6218649,-1.0836127
page151_M-479_B_c1_sym_001,page151_M-479_B_c1,1.0449934,0.55890894
page151_M-480_A_c0_sym_001,page151_M-480_A_c0,-1.1386029,-1.1042808
page151_M-480_B_c1_sym_001,page151_M-480_B_c1,-1.0650159,-1.0622098
page151_M-480_c1_sym_001,page151_M-480_c1,-1.0650159,-1.0622098
page151_M-481_A_c0_sym_001,page151_M-481_A_c0,-1.1386029,-1.1042808
page151_M-481_a_c1_sym_001,page151_M-481_a_c1,-1.0650159,-1.0622098
page151_M-481_B_c0_sym_001,page151_M-481_B_c0,-1.1386029,-1.1042808
page151_M-481_b_c1_sym_001,page151_M-481_b_c1,-1.0650159,-1.0622098
page151_M-481_C_c0_sym_001,page151_M-481_C_c0,-1.0650159,-1.0622098
page151_M-481_E_c0_sym_001,page151_M-481_E_c0,-1.0650159,-1.0622098
page152_M-482_B_c1_sym_001,page152_M-482_B_c1,-0.8219481,-0.8873308
page152_M-483_B_bis_c0_sym_001,page152_M-483_B_bis_c0,-1.3166481,-1.15494
page152_M-483_B_c0_sym_001,page152_M-483_B_c0,-1.3166481,-1.15494
page152_M-483_E_c0_sym_001,page152_M-483_E_c0,-1.3166481,-1.15494
page153_M-484_A_bis_c0_sym_001,page153_M-484_A_bis_c0,0.8325331,0.394462
page153_M-484_A_c0_sym_001,page153_M-484_A_c0,0.8325331,0.394462
page153_M-484_B_c0_sym_001,page153_M-484_B_c0,0.8325331,0.394462
page153_M-485_A_c0_sym_001,page153_M-485_A_c0,0.8325331,0.394462
page154_M-486_b_c1_sym_001,page154_M-486_b_c1,1.3812673,0.792674
page154_M-487_A_c0_sym_001,page154_M-487_A_c0,-4.118301,0.043932945
page154_M-487_B_c0_sym_001,page154_M-487_B_c0,-4.118301,0.043932945
page154_M-487_C_c0_sym_001,page154_M-487_C_c0,1.6189402,1.0272447
page155_M-488_a_c0_sym_001,page155_M-488_a_c0,0.4697429,0.11157239
page155_M-488_B_c0_sym_001,page155_M-488_B_c0,0.4697429,0.11157239
page155_M-488_C_c0_sym_001,page155_M-488_C_c0,0.73979974,0.33443743
page156_M-489_b_c1_sym_001,page156_M-489_b_c1,-1.061404,-1.1208873
page156_M-489_c1_sym_001,page156_M-489_c1,-1.0682877,-1.1218952
page156_M-490_B_c0_sym_001,page156_M-490_B_c0,-1.0682877,-1.1218952
page156_M-491_B_c1_sym_001,page156_M-491_B_c1,-1.0682877,-1.1218952
page157_A-4_c0_sym_001,page157_A-4_c0,0.871352,0.44051635
page157_M-493_A_bis_c1_sym_001,page157_M-493_A_bis_c1,-0.54612464,-0.69628614
page157_M-493_B_c1_sym_001,page157_M-493_B_c1,-0.54612464,-0.69628614
page157_M-493_C_c0_sym_001,page157_M-493_C_c0,-0.54612464,-0.69628614
page157_M-494_A_bis_c1_sym_001,page157_M-494_A_bis_c1,-0.54612464,-0.69628614
page157_M-494_B_c0_sym_001,page157_M-494_B_c0,0.871352,0.44051635
page159_M-496_C_c0_sym_001,page159_M-496_C_c0,-0.7040681,-0.7864379
page159_M-497_A_c2_sym_001,page159_M-497_A_c2,-0.52769387,-0.63402057
page159_M-497_E_c0_sym_001,page159_M-497_E_c0,-0.52769387,-0.63402057
page160_M-498_C_c0_sym_001,page160_M-498_C_c0,-0.32474083,-0.4077046
page160_M-498_C_c0_sym_002,page160_M-498_C_c0,4.145135,2.8918529
page160_M-498_C_c0_sym_003,page160_M-498_C_c0,0.7658125,0.2060797
page160_M-498_C_c0_sym_004,page160_M-498_C_c0,1.5302033,0.7648832
page160_M-498_C_c0_sym_005,page160_M-498_C_c0,0.07654377,-0.2772427
page160_M-498_C_c0_sym_006,page160_M-498_C_c0,2.6842284,1.7114894
page160_M-498_C_c0_sym_007,page160_M-498_C_c0,-1.1600707,-0.86872095
page160_M-498_C_c0_sym_008,page160_M-498_C_c0,0.5551275,0.08854436
page160_M-498_C_c0_sym_009,page160_M-498_C_c0,0.98209137,0.35467127
page160_M-498_C_c0_sym_010,page160_M-498_C_c0,0.34544742,-0.10053347
page160_M-498_C_c0_sym_011,page160_M-498_C_c0,0.20193137,-0.19503082
page160_M-498_C_c0_sym_012,page160_M-498_C_c0,-0.038976982,-0.38008398
page160_M-498_C_c0_sym_013,page160_M-498_C_c0,0.5915538,0.14849475
page160_M-498_C_c0_sym_014,page160_M-498_C_c0,0.25062162,-0.05790259
page160_M-498_D_c3_sym_001,page160_M-498_D_c3,0.028391648,-0.23324549
page160_M-499_A_c2_sym_001,page160_M-499_A_c2,-0.25432053,-0.4792174
page160_M-499_E_c0_sym_001,page160_M-499_E_c0,-0.25432053,-0.4792174
page161_M-500_a_c0_sym_001,page161_M-500_a_c0,0.68768376,0.20851316
page161_M-500_a_c0_sym_002,page161_M-500_a_c0,3.3271768,2.2034338
page162_M-502_B_c1_sym_001,page162_M-502_B_c1,-4.918834,-1.7737684
page162_M-503_A_c0_sym_001,page162_M-503_A_c0,4.173207,2.90808
page162_M-504_A_c0_sym_001,page162_M-504_A_c0,4.173207,2.90808
page162_M-505_B_c1_sym_001,page162_M-505_B_c1,4.0691147,2.8344035
page162_M-505_B_c1_sym_002,page162_M-505_B_c1,-0.40913805,-0.6361704
page162_M-505_B_c1_sym_003,page162_M-505_B_c1,3.6425219,2.5258312
page162_M-505_B_c1_sym_004,page162_M-505_B_c1,0.607646,0.114060506
page162_M-505_B_c1_sym_005,page162_M-505_B_c1,-0.99704254,-1.036048
page162_M-505_B_c1_sym_006,page162_M-505_B_c1,-0.42989993,-0.62170243
page162_M-505_B_c1_sym_007,page162_M-505_B_c1,-0.26680383,-0.5178124
page162_M-505_B_c1_sym_008,page162_M-505_B_c1,-0.9424115,-0.9992782
page162_M-505_B_c1_sym_009,page162_M-505_B_c1,0.2513802,-0.14633782
page162_M-505_B_c1_sym_010,page162_M-505_B_c1,-0.04573878,-0.3842438
page162_M-505_B_c1_sym_011,page162_M-505_B_c1,0.3798426,-0.053141486
page162_M-505_B_c1_sym_012,page162_M-505_B_c1,-1.0909084,-1.1257889
page162_M-505_B_c1_sym_013,page162_M-505_B_c1,0.24914387,-0.12965357
page162_M-505_B_c1_sym_014,page162_M-505_B_c1,0.023996385,-0.31252226
page162_M-505_B_c1_sym_015,page162_M-505_B_c1,-0.35913792,-0.5826278
page162_M-505_B_c1_sym_016,page162_M-505_B_c1,-0.6786709,-0.79604757
page162_M-505_B_c1_sym_017,page162_M-505_B_c1,0.30315107,-0.08160579
page162_M-505_B_c1_sym_018,page162_M-505_B_c1,-1.1593977,-1.1368476
page162_M-505_B_c1_sym_019,page162_M-505_B_c1,0.907803,0.45418036
page162_M-505_B_c1_sym_020,page162_M-505_B_c1,-0.7921918,-0.8659015
page162_M-505_B_c1_sym_021,page162_M-505_B_c1,0.49716,0.01650747
page162_M-505_B_c1_sym_022,page162_M-505_B_c1,-0.9418066,-1.0029793
page162_M-505_B_c1_sym_023,page162_M-505_B_c1,-1.146835,-1.0956336
page162_M-505_B_c1_sym_024,page162_M-505_B_c1,-1.0843043,-1.1248
page162_M-505_B_c1_sym_025,page162_M-505_B_c1,0.24249771,-0.18145028
page162_M-505_B_c1_sym_026,page162_M-505_B_c1,0.87324494,0.27261877
page162_M-505_B_c1_sym_027,page162_M-505_B_c1,-0.5927048,-0.78102696
page162_M-505_B_c1_sym_028,page162_M-505_B_c1,-0.40751582,-0.6506032
page162_M-505_B_c1_sym_029,page162_M-505_B_c1,-0.49471927,-0.6303814
page162_M-505_B_c1_sym_030,page162_M-505_B_c1,-1.378471,-1.1205591
page163_A-9_c0_sym_001,page163_A-9_c0,-0.105033405,-0.18612996
page163_M-506_A_bis_c0_sym_001,page163_M-506_A_bis_c0,-0.105033405,-0.18612996
page163_M-506_A_c0_sym_001,page163_M-506_A_c0,-0.105033405,-0.18612996
page163_M-507_A_c0_sym_001,page163_M-507_A_c0,-1.0104656,-0.99726546
page163_M-507_B_c1_sym_001,page163_M-507_B_c1,1.5432143,0.8738014
page163_M-507_B_c1_sym_002,page163_M-507_B_c1,0.06281779,-0.2853184
page163_M-507_B_c1_sym_003,page163_M-507_B_c1,0.5907603,0.08436397
page163_M-507_B_c1_sym_004,page163_M-507_B_c1,-0.95952326,-1.0097083
page163_M-507_B_c1_sym_005,page163_M-507_B_c1,4.7054687,3.351503
page163_M-507_B_c1_sym_006,page163_M-507_B_c1,-1.1173714,-1.1288925
page163_M-507_B_c1_sym_007,page163_M-507_B_c1,-1.0335925,-1.1167984
page163_M-507_B_c1_sym_008,page163_M-507_B_c1,0.86806947,0.2712982
page163_M-507_B_c1_sym_009,page163_M-507_B_c1,1.6812167,0.9046519
page163_M-507_B_c1_sym_010,page163_M-507_B_c1,0.16146299,-0.24795167
page163_M-507_B_c1_sym_011,page163_M-507_B_c1,-1.302822,-1.1526786
page163_M-507_B_c1_sym_012,page163_M-507_B_c1,-0.7150902,-0.80420095
page163_M-507_B_c1_sym_013,page163_M-507_B_c1,-0.85748774,-0.93761146
page163_M-507_B_c1_sym_014,page163_M-507_B_c1,0.2725052,-0.15116744
page163_M-507_B_c1_sym_015,page163_M-507_B_c1,0.39075926,-0.049790177
page163_M-507_B_c1_sym_016,page163_M-507_B_c1,-0.4134846,-0.65293115
page163_M-507_B_c1_sym_017,page163_M-507_B_c1,-2.8795242,-1.2888527
page163_M-507_B_c1_sym_018,page163_M-507_B_c1,-1.0529442,-1.1197317
page163_M-507_B_c1_sym_019,page163_M-507_B_c1,1.8756311,1.0176252
page163_M-507_B_c1_sym_020,page163_M-507_B_c1,0.17806056,-0.117738575
page163_M-507_B_c1_sym_021,page163_M-507_B_c1,-2.8664331,-1.287446
page163_M-507_B_c1_sym_022,page163_M-507_B_c1,-0.9851658,-1.0649923
page163_M-507_B_c1_sym_023,page163_M-507_B_c1,-1.2408534,-1.0757822
page163_M-507_B_c1_sym_024,page163_M-507_B_c1,0.28881618,-0.12005796
page163_M-507_B_c1_sym_025,page163_M-507_B_c1,0.28986672,-0.14493898
page163_M-507_B_c1_sym_026,page163_M-507_B_c1,-0.030021857,-0.28553966
page163_M-507_B_c1_sym_027,page163_M-507_B_c1,0.18303014,-0.23742245
page163_M-507_B_c1_sym_028,page163_M-507_B_c1,-0.93262184,-0.95529765
page163_M-507_B_c1_sym_029,page163_M-507_B_c1,-3.7452104,-1.2215669
page163_M-507_B_c1_sym_030,page163_M-507_B_c1,1.1485679,0.4838921
page163_M-507_B_c1_sym_031,page163_M-507_B_c1,-0.106151566,-0.3622271
page163_M-507_B_c1_sym_032,page163_M-507_B_c1,-3.2457154,-1.2356657
page163_M-507_B_c1_sym_033,page163_M-507_B_c1,0.85180664,0.2738
page163_M-507_B_c1_sym_034,page163_M-507_B_c1,0.5690598,0.03183286
page163_M-507_B_c1_sym_035,page163_M-507_B_c1,-1.1590556,-1.1365376
page163_M-507_B_c1_sym_036,page163_M-507_B_c1,0.26738042,-0.18189363
page163_M-507_B_c1_sym_037,page163_M-507_B_c1,1.511039,0.80286723
page163_M-507_B_c1_sym_038,page163_M-507_B_c1,1.0331708,0.42150936
page163_M-507_B_c1_sym_039,page163_M-507_B_c1,-1.0209851,-1.0592979
page163_M-507_B_c1_sym_040,page163_M-507_B_c1,-0.0991849,-0.4175894
page163_M-507_B_c1_sym_041,page163_M-507_B_c1,1.0646362,0.5041084
page163_M-507_B_c1_sym_042,page163_M-507_B_c1,-1.0961686,-1.1267849
page163_M-507_B_c1_sym_043,page163_M-507_B_c1,0.42135194,-0.019657774
page163_M-507_B_c1_sym_044,page163_M-507_B_c1,-4.2223063,-1.6246186
page163_M-507_B_c1_sym_045,page163_M-507_B_c1,0.17115183,-0.07341612
page163_M-507_B_c1_sym_046,page163_M-507_B_c1,-1.0300756,-1.1162311
page163_M-507_B_c1_sym_047,page163_M-507_B_c1,0.39143407,-0.0801055
page163_M-507_B_c1_sym_048,page163_M-507_B_c1,1.0255815,0.48092613
page163_M-507_B_c1_sym_049,page163_M-507_B_c1,0.19149782,-0.23420757
page163_M-507_B_c1_sym_050,page163_M-507_B_c1,-0.41235715,-0.6634655
page163_M-507_B_c1_sym_051,page163_M-507_B_c1,-1.1174451,-1.1292589
page163_M-507_B_c1_sym_052,page163_M-507_B_c1,-0.4815982,-0.6777169
page163_M-507_B_c1_sym_053,page163_M-507_B_c1,-1.0646958,-1.1217414
page163_M-507_B_c1_sym_054,page163_M-507_B_c1,-1.0136577,-1.1044909
page163_M-507_B_c1_sym_055,page163_M-507_B_c1,-1.0492965,-1.1190732
page164_M-512_B_c0_sym_001,page164_M-512_B_c0,0.5088585,0.05129687
page165_M-514_A_c0_sym_001,page165_M-514_A_c0,1.4390109,0.6759605
page165_M-514_A_c0_sym_002,page165_M-514_A_c0,-0.10880154,-0.40942168
page165_M-514_A_c0_sym_003,page165_M-514_A_c0,0.8598189,0.27798808
page165_M-514_A_c0_sym_004,page165_M-514_A_c0,1.5248992,0.7388666
page165_M-514_A_c0_sym_005,page165_M-514_A_c0,0.23796165,-0.16745278
page165_M-514_A_c0_sym_006,page165_M-514_A_c0,0.8832558,0.28353116
page165_M-514_A_c0_sym_007,page165_M-514_A_c0,0.154522,-0.22338012
page165_M-514_A_c0_sym_008,page165_M-514_A_c0,0.62762153,0.09212985
page165_M-514_A_c0_sym_009,page165_M-514_A_c0,1.5036048,0.7317561
page165_M-514_A_c0_sym_010,page165_M-514_A_c0,0.38106626,-0.047942944
page165_M-514_A_c0_sym_011,page165_M-514_A_c0,1.5318993,0.75380945
page165_M-514_A_c0_sym_012,page165_M-514_A_c0,0.97073114,0.36127964
page165_M-514_A_c0_sym_013,page165_M-514_A_c0,1.1299081,0.450894
page165_M-514_A_c0_sym_014,page165_M-514_A_c0,1.3221407,0.6010084
page165_M-514_A_c0_sym_015,page165_M-514_A_c0,0.16703898,-0.14836845
page165_M-514_A_c0_sym_016,page165_M-514_A_c0,-0.38334128,-0.53408575
page165_M-514_A_c0_sym_017,page165_M-514_A_c0,0.9696609,0.3467616
page165_M-514_A_c0_sym_018,page165_M-514_A_c0,1.1711345,0.4888125
page165_M-514_A_c0_sym_019,page165_M-514_A_c0,1.5786803,0.8082553
page165_M-516_A_c0_sym_001,page165_M-516_A_c0,5.1159577,3.606364
page165_M-516_B_c1_sym_001,page165_M-516_B_c1,5.1159577,3.606364
page165_M-5_c0_sym_001,page165_M-5_c0,5.545959,3.9552164
page165_M-5_S_c0_sym_001,page165_M-5_S_c0,5.545959,3.9552164
page167_M-521_A_c0_sym_001,page167_M-521_A_c0,0.96610546,0.37238663
page167_M-521_A_c0_sym_002,page167_M-521_A_c0,2.4859602,1.6329595
page167_M-522_A_c0_sym_001,page167_M-522_A_c0,0.96610546,0.37238663
page167_M-522_A_c0_sym_002,page167_M-522_A_c0,2.4859602,1.6329595
page167_M-523_A_c0_sym_001,page167_M-523_A_c0,0.96610546,0.37238663
page167_M-523_A_c0_sym_002,page167_M-523_A_c0,2.4859602,1.6329595
page167_M-524_A_c0_sym_001,page167_M-524_A_c0,2.412548,1.5542594
page168_M-526_A_c0_sym_001,page168_M-526_A_c0,3.6951077,2.5743668
page168_M-526_B_c1_sym_001,page168_M-526_B_c1,-0.9099735,-0.99227387
page168_M-527_A_c0_sym_001,page168_M-527_A_c0,3.6951077,2.5743668
page168_M-527_B_c1_sym_001,page168_M-527_B_c1,-0.9099735,-0.99227387
page168_M-528_A_c0_sym_001,page168_M-528_A_c0,0.14687456,-0.002092374
page169_M-529_A_c0_sym_001,page169_M-529_A_c0,4.2064,2.9866052
page169_M-529_A_c0_sym_002,page169_M-529_A_c0,0.040081985,-0.34135735
page169_M-529_A_c0_sym_003,page169_M-529_A_c0,-0.7309744,-0.8506788
page169_M-529_A_c0_sym_004,page169_M-529_A_c0,-1.4544816,-1.1698819
page169_M-529_A_c0_sym_005,page169_M-529_A_c0,-2.9737236,-1.2937126
page169_M-529_A_c0_sym_006,page169_M-529_A_c0,-0.560862,-0.74821836
page169_M-529_A_c0_sym_007,page169_M-529_A_c0,-0.68865615,-0.8124494
page169_M-529_A_c0_sym_008,page169_M-529_A_c0,0.3134337,-0.12090526
page169_M-529_A_c0_sym_009,page169_M-529_A_c0,-0.0324509,-0.3640605
page169_M-529_A_c0_sym_010,page169_M-529_A_c0,2.320602,1.4718764
page169_M-529_B_c1_sym_001,page169_M-529_B_c1,2.2770517,1.4848634
page169_M-529_B_c1_sym_002,page169_M-529_B_c1,-0.53300977,-0.7522062
page169_M-529_B_c1_sym_003,page169_M-529_B_c1,2.6407204,1.7771136
page169_M-530_A_c0_sym_001,page169_M-530_A_c0,4.2064,2.9866052
page169_M-530_A_c0_sym_002,page169_M-530_A_c0,0.040081985,-0.34135735
page169_M-530_A_c0_sym_003,page169_M-530_A_c0,-0.7309744,-0.8506788
page169_M-530_A_c0_sym_004,page169_M-530_A_c0,-1.4544816,-1.1698819
page169_M-530_A_c0_sym_005,page169_M-530_A_c0,-2.9737236,-1.2937126
page169_M-530_A_c0_sym_006,page169_M-530_A_c0,-0.560862,-0.74821836
page169_M-530_A_c0_sym_007,page169_M-530_A_c0,-0.68865615,-0.8124494
page169_M-530_A_c0_sym_008,page169_M-530_A_c0,0.3134337,-0.12090526
page169_M-530_A_c0_sym_009,page169_M-530_A_c0,-0.0324509,-0.3640605
page169_M-530_A_c0_sym_010,page169_M-530_A_c0,2.320602,1.4718764
page169_M-530_B_c1_sym_001,page169_M-530_B_c1,0.28097647,-0.0954562
page169_M-530_B_c1_sym_002,page169_M-530_B_c1,-0.6563603,-0.65989894
page170_M-533_B_c1_sym_001,page170_M-533_B_c1,3.3055556,2.236291
page170_M-534_A_c0_sym_001,page170_M-534_A_c0,-1.2027748,-1.0771378
page170_M-534_A_c0_sym_002,page170_M-534_A_c0,-1.0325446,-1.0700192
page170_M-534_A_c0_sym_003,page170_M-534_A_c0,-0.8612811,-0.8842658
page170_M-534_A_c0_sym_004,page170_M-534_A_c0,-1.1574299,-1.1344985
page170_M-534_A_c0_sym_005,page170_M-534_A_c0,-1.0408874,-1.0089672
page171_M-537_A_c0_sym_001,page171_M-537_A_c0,3.877923,2.677143
page171_M-537_B_c1_sym_001,page171_M-537_B_c1,3.8736267,2.6731107
page171_M-538_A_c0_sym_001,page171_M-538_A_c0,3.877923,2.677143
page171_M-538_B_c1_sym_001,page171_M-538_B_c1,3.8736267,2.6731107
page172_M-541_A_c0_sym_001,page172_M-541_A_c0,4.506319,3.2374947
page172_M-541_B_c1_sym_001,page172_M-541_B_c1,0.7269289,0.37797502
page172_M-541_B_c1_sym_002,page172_M-541_B_c1,0.83611685,0.30197835
page172_M-541_B_c1_sym_003,page172_M-541_B_c1,-0.2980152,-0.5590859
page172_M-541_B_c1_sym_004,page172_M-541_B_c1,0.028967232,-0.34400678
page172_M-541_B_c1_sym_005,page172_M-541_B_c1,3.762678,2.6312091
page172_M-542_B_c0_sym_001,page172_M-542_B_c0,0.7269289,0.37797502
page172_M-542_B_c0_sym_002,page172_M-542_B_c0,0.83611685,0.30197835
page172_M-542_B_c0_sym_003,page172_M-542_B_c0,-0.2980152,-0.5590859
page172_M-542_B_c0_sym_004,page172_M-542_B_c0,0.028967232,-0.34400678
page172_M-542_B_c0_sym_005,page172_M-542_B_c0,3.762678,2.6312091
page172_M-543_B_c1_sym_001,page172_M-543_B_c1,-1.3676205,-1.1552095
page173_M-3547_A_c0_sym_001,page173_M-3547_A_c0,3.0635214,2.0757906
page173_M-545_A_c0_sym_001,page173_M-545_A_c0,3.0635214,2.0757906
page173_M-546_A_c0_sym_001,page173_M-546_A_c0,3.0635214,2.0757906
page173_M-548_A_c0_sym_001,page173_M-548_A_c0,-1.2750229,-0.5409597
page174_M-549_A_c0_sym_001,page174_M-549_A_c0,0.11781659,-0.09117876
page174_M-549_A_c0_sym_002,page174_M-549_A_c0,1.280915,0.5726271
page174_M-549_B_c1_sym_001,page174_M-549_B_c1,-0.3125412,-0.52252156
page174_M-549_B_c1_sym_002,page174_M-549_B_c1,-2.9592702,-1.2944428
page174_M-549_B_c1_sym_003,page174_M-549_B_c1,-0.090742335,-0.39787152
page174_M-549_B_c1_sym_004,page174_M-549_B_c1,4.446182,3.1142294
page174_M-550_B_c1_sym_001,page174_M-550_B_c1,-1.5553153,-0.5865197
page174_M-551_B_c0_sym_001,page174_M-551_B_c0,-1.5553153,-0.5865197
page174_M-552_B_c1_sym_001,page174_M-552_B_c1,-1.5553153,-0.5865197
page175_M-553_B_c1_sym_001,page175_M-553_B_c1,-0.91805416,-0.9387021
page175_M-553_B_c1_sym_002,page175_M-553_B_c1,-0.7197476,-0.8094335
page175_M-554_B_c1_sym_001,page175_M-554_B_c1,-0.91805416,-0.9387021
page175_M-554_B_c1_sym_002,page175_M-554_B_c1,-0.7197476,-0.8094335
page175_M-555_B_c1_sym_001,page175_M-555_B_c1,-1.2310024,-1.1624106
page175_M-556_A_c0_sym_001,page175_M-556_A_c0,-1.0595723,-1.12095
page175_M-556_B_c1_sym_001,page175_M-556_B_c1,-1.1586697,-1.1446992
page175_M-556_B_c1_sym_002,page175_M-556_B_c1,-0.44189218,-0.5388766
page176_M-557_B_c0_sym_001,page176_M-557_B_c0,-1.1557474,-0.91586626
page176_M-558_A_c0_sym_001,page176_M-558_A_c0,0.24653912,-0.15857609
page176_M-558_A_c0_sym_002,page176_M-558_A_c0,0.09807105,-0.26417744
page176_M-558_B_c1_sym_001,page176_M-558_B_c1,-1.1557474,-0.91586626
page176_M-559_A_c0_sym_001,page176_M-559_A_c0,-1.0710062,-0.82552654
page176_M-560_A_c0_sym_001,page176_M-560_A_c0,-1.0710062,-0.82552654
page177_M-563_B_c1_sym_001,page177_M-563_B_c1,-2.9623284,-1.2940431
page177_M-564_A_c0_sym_001,page177_M-564_A_c0,-0.97562754,-0.9456911
page177_M-564_B_c1_sym_001,page177_M-564_B_c1,-2.9623284,-1.2940431
page178_M-545_B_c1_sym_001,page178_M-545_B_c1,3.9971251,2.7851515
page178_M-565_A_c0_sym_001,page178_M-565_A_c0,3.688603,2.5424137
page180_M-576_A_c0_sym_001,page180_M-576_A_c0,-1.0758661,-1.1233965
page180_M-576_A_c0_sym_002,page180_M-576_A_c0,-1.1231841,-1.1313081
page180_M-576_B_c1_sym_001,page180_M-576_B_c1,-2.3668125,-1.1639642
page180_M-576_B_c1_sym_002,page180_M-576_B_c1,-1.5412942,-1.0572128
page181_M-577_A_bis_c0_sym_001,page181_M-577_A_bis_c0,-1.1857171,-1.0030657
page181_M-577_B_bis_c1_sym_001,page181_M-577_B_bis_c1,-0.90773135,-0.94701993
page181_M-577_B_c0_sym_001,page181_M-577_B_c0,-0.90773135,-0.94701993
page181_M-578_A_bis_c0_sym_001,page181_M-578_A_bis_c0,1.203414,0.6909768
page181_M-578_A_c0_sym_001,page181_M-578_A_c0,-1.1857171,-1.0030657
page182_M-579_B_c0_sym_001,page182_M-579_B_c0,-1.2837821,-1.150476
page182_M-579_B_c0_sym_002,page182_M-579_B_c0,-1.0816427,-1.1240832
page182_M-580_B_c1_sym_001,page182_M-580_B_c1,-1.2837821,-1.150476
page182_M-580_B_c1_sym_002,page182_M-580_B_c1,-1.0816427,-1.1240832
page182_M-581_A_c0_sym_001,page182_M-581_A_c0,0.05401256,-0.2612486
page182_M-581_A_c0_sym_002,page182_M-581_A_c0,0.99915427,0.36972725
page183_M-582_B_c0_sym_001,page183_M-582_B_c0,-1.138475,-1.1311455
page183_M-583_A_c0_sym_001,page183_M-583_A_c0,0.5584557,0.13156879
page183_M-583_A_c0_sym_002,page183_M-583_A_c0,0.98133427,0.4838489
page183_M-583_A_c0_sym_003,page183_M-583_A_c0,2.9335918,1.9720018
page183_M-583_A_c0_sym_004,page183_M-583_A_c0,-0.98240906,-0.9076782
page183_M-583_A_c0_sym_005,page183_M-583_A_c0,-1.2584935,-1.1469871
page183_M-583_A_c0_sym_006,page183_M-583_A_c0,0.13502441,-0.19081731
page183_M-583_A_c0_sym_007,page183_M-583_A_c0,1.2464056,0.637541
page183_M-583_A_c0_sym_008,page183_M-583_A_c0,-0.8962266,-0.8832801
page183_M-583_A_c0_sym_009,page183_M-583_A_c0,0.9324429,0.3486077
page183_M-583_A_c0_sym_010,page183_M-583_A_c0,-0.48100266,-0.6301536
page183_M-583_A_c0_sym_011,page183_M-583_A_c0,-1.012773,-1.044815
page183_M-583_A_c0_sym_012,page183_M-583_A_c0,0.52023375,0.076969884
page183_M-583_A_c0_sym_013,page183_M-583_A_c0,-0.02125601,-0.37188053
page183_M-583_A_c0_sym_014,page183_M-583_A_c0,-5.745277,3.8462934
page183_M-583_A_c0_sym_015,page183_M-583_A_c0,-1.4324173,-1.167483
page183_M-583_A_c0_sym_016,page183_M-583_A_c0,-2.1577132,-1.2116636
page183_M-584_B_c0_sym_001,page183_M-584_B_c0,0.5584557,0.13156879
page183_M-584_B_c0_sym_002,page183_M-584_B_c0,0.98133427,0.4838489
page183_M-584_B_c0_sym_003,page183_M-584_B_c0,2.9335918,1.9720018
page183_M-584_B_c0_sym_004,page183_M-584_B_c0,-0.98240906,-0.9076782
page183_M-584_B_c0_sym_005,page183_M-584_B_c0,-1.2584935,-1.1469871
page183_M-584_B_c0_sym_006,page183_M-584_B_c0,0.13502441,-0.19081731
page183_M-584_B_c0_sym_007,page183_M-584_B_c0,1.2464056,0.637541
page183_M-584_B_c0_sym_008,page183_M-584_B_c0,-0.8962266,-0.8832801
page183_M-584_B_c0_sym_009,page183_M-584_B_c0,0.9324429,0.3486077
page183_M-584_B_c0_sym_010,page183_M-584_B_c0,-0.48100266,-0.6301536
page183_M-584_B_c0_sym_011,page183_M-584_B_c0,-1.012773,-1.044815
page183_M-584_B_c0_sym_012,page183_M-584_B_c0,0.52023375,0.076969884
page183_M-584_B_c0_sym_013,page183_M-584_B_c0,-0.02125601,-0.37188053
page183_M-584_B_c0_sym_014,page183_M-584_B_c0,-5.745277,3.8462934
page183_M-584_B_c0_sym_015,page183_M-584_B_c0,-1.4324173,-1.167483
page183_M-584_B_c0_sym_016,page183_M-584_B_c0,-2.1577132,-1.2116636
page184_E-2_S_c0_sym_001,page184_E-2_S_c0,-0.83331823,-0.7227275
page184_M-586_A_c0_sym_001,page184_M-586_A_c0,-0.83331823,-0.7227275
page184_M-587_A_c0_sym_001,page184_M-587_A_c0,-0.7464136,-0.8165881
page184_M-587_A_c0_sym_002,page184_M-587_A_c0,-1.4347808,-1.1828487
page184_M-587_A_c0_sym_003,page184_M-587_A_c0,-1.0219535,-1.1149055
page185_M-591_B_c0_sym_001,page185_M-591_B_c0,-0.72494537,-0.845594
page186_M-504_A_bis_c0_sym_001,page186_M-504_A_bis_c0,-0.02828663,-0.34116253
page186_M-504_A_bis_c0_sym_002,page186_M-504_A_bis_c0,-0.88016474,-0.6434101
page186_M-592_B_c0_sym_001,page186_M-592_B_c0,2.3741148,1.5314425
page186_M-594_A_c0_sym_001,page186_M-594_A_c0,-0.02828663,-0.34116253
page186_M-594_A_c0_sym_002,page186_M-594_A_c0,-0.88016474,-0.6434101
page186_M-596_A_c0_sym_001,page186_M-596_A_c0,-0.02828663,-0.34116253
page186_M-596_A_c0_sym_002,page186_M-596_A_c0,-0.88016474,-0.6434101
page186_M-597_A_c0_sym_001,page186_M-597_A_c0,-0.02828663,-0.34116253
page186_M-597_A_c0_sym_002,page186_M-597_A_c0,-0.88016474,-0.6434101
page187_M-599_B_c1_sym_001,page187_M-599_B_c1,1.6159005,1.0308311
page187_M-600_B_c1_sym_001,page187_M-600_B_c1,1.6159005,1.0308311
page187_M-601_B_c1_sym_001,page187_M-601_B_c1,1.6159005,1.0308311
page187_M-602_A_c0_sym_001,page187_M-602_A_c0,3.0248425,2.0123162
page187_M-602_A_c0_sym_002,page187_M-602_A_c0,0.38123336,-0.06281084
page187_M-602_A_c0_sym_003,page187_M-602_A_c0,0.81962425,0.23413338
page187_M-602_A_c0_sym_004,page187_M-602_A_c0,-1.0811322,-1.1244051
page187_M-602_A_c0_sym_005,page187_M-602_A_c0,-0.054972515,-0.3729634
page187_M-602_A_c0_sym_006,page187_M-602_A_c0,1.1205181,0.47256455
page187_M-602_A_c0_sym_007,page187_M-602_A_c0,-5.4921775,-1.6880358
page187_M-602_A_c0_sym_008,page187_M-602_A_c0,-0.12452612,-0.41878325
page187_M-602_A_c0_sym_009,page187_M-602_A_c0,-0.93800235,-0.99819374
page187_M-602_A_c0_sym_010,page187_M-602_A_c0,1.2778761,0.60391176
page187_M-602_A_c0_sym_011,page187_M-602_A_c0,-0.5866204,-0.7593751
page187_M-602_A_c0_sym_012,page187_M-602_A_c0,-2.8914902,-1.2815744
page187_M-602_A_c0_sym_013,page187_M-602_A_c0,2.2434778,1.361163
page187_M-602_A_c0_sym_014,page187_M-602_A_c0,-0.008112945,-0.33662724
page187_M-602_A_c0_sym_015,page187_M-602_A_c0,-1.1418381,-1.0327067
page187_M-602_A_c0_sym_016,page187_M-602_A_c0,1.1584935,0.6276195
page187_M-602_A_c0_sym_017,page187_M-602_A_c0,-2.9905202,-1.2791044
page187_M-602_A_c0_sym_018,page187_M-602_A_c0,2.3749416,1.5781089
page187_M-602_A_c0_sym_019,page187_M-602_A_c0,0.51590276,0.0113519905
page187_M-602_A_c0_sym_020,page187_M-602_A_c0,-0.49735993,-0.68899786
page187_M-602_A_c0_sym_021,page187_M-602_A_c0,-0.38106295,-0.6120817
page187_M-602_A_c0_sym_022,page187_M-602_A_c0,-1.7110664,-1.1957026
page187_M-602_A_c0_sym_023,page187_M-602_A_c0,1.920696,1.1926584
page187_M-602_A_c0_sym_024,page187_M-602_A_c0,-1.0820408,-1.1238843
page187_M-602_A_c0_sym_025,page187_M-602_A_c0,-2.842066,-1.286062
page187_M-602_A_c0_sym_026,page187_M-602_A_c0,-0.2588406,-0.4709122
page187_M-602_A_c0_sym_027,page187_M-602_A_c0,-0.3282018,-0.5801243
page187_M-602_A_c0_sym_028,page187_M-602_A_c0,0.8441991,0.35707512
page187_M-602_A_c0_sym_029,page187_M-602_A_c0,0.66334736,0.2436239
page187_M-602_A_c0_sym_030,page187_M-602_A_c0,-2.8621025,-1.2876803
page187_M-602_A_c0_sym_031,page187_M-602_A_c0,0.8078927,0.2522079
page187_M-602_A_c0_sym_032,page187_M-602_A_c0,0.12519883,-0.24801637
page187_M-602_B_c1_sym_001,page187_M-602_B_c1,2.1614716,1.4113036
page188_M-5_B_c1_sym_001,page188_M-5_B_c1,1.8521446,1.1712027
page188_M-604_B_bis_c0_sym_001,page188_M-604_B_bis_c0,1.8521446,1.1712027
page188_M-605_A_c0_sym_001,page188_M-605_A_c0,1.638725,1.0184406
page188_M-606_A_c0_sym_001,page188_M-606_A_c0,-1.1075172,-1.1284112
page188_M-606_B_c1_sym_001,page188_M-606_B_c1,1.4725683,0.8865122
page188_M-6_c0_sym_001,page188_M-6_c0,1.8521446,1.1712027
page189_M-613_A_c2_sym_001,page189_M-613_A_c2,1.5452247,0.7728907
page189_M-613_A_c2_sym_002,page189_M-613_A_c2,1.7096832,0.85352224
page189_M-613_A_c2_sym_003,page189_M-613_A_c2,1.426334,0.78992325
page189_M-613_A_c2_sym_004,page189_M-613_A_c2,0.9179849,0.29978508
page189_M-613_A_c2_sym_005,page189_M-613_A_c2,0.041098338,-0.32482287
page189_M-613_A_c2_sym_006,page189_M-613_A_c2,-0.011727107,-0.3123731
page189_M-613_A_c2_sym_007,page189_M-613_A_c2,1.8965478,1.1048164
page189_M-613_A_c2_sym_008,page189_M-613_A_c2,1.3748467,0.7485212
page189_M-613_A_c2_sym_009,page189_M-613_A_c2,1.2304783,0.6177621
page189_M-613_A_c2_sym_010,page189_M-613_A_c2,0.74942315,0.16591527
page189_M-613_A_c2_sym_011,page189_M-613_A_c2,0.68413126,0.14009577
page189_M-613_A_c2_sym_012,page189_M-613_A_c2,0.9912585,0.34687018
page189_M-613_A_c2_sym_013,page189_M-613_A_c2,0.6791707,0.13232705
page189_M-613_A_c2_sym_014,page189_M-613_A_c2,0.46255267,0.005466909
page189_M-613_A_c2_sym_015,page189_M-613_A_c2,0.5046397,0.0013503433
page189_M-613_A_c2_sym_016,page189_M-613_A_c2,0.90450597,0.29585883
page193_H-1_A_c0_sym_001,page193_H-1_A_c0,-0.4587936,-0.60246944
page193_H-1_A_c0_sym_002,page193_H-1_A_c0,-1.010686,-1.0915929
page194_H-2_A_c0_sym_001,page194_H-2_A_c0,4.1298323,2.8777962
page196_H-4_A_c0_sym_001,page196_H-4_A_c0,-1.1371776,-1.1316804
page206_H-17_a_c0_sym_001,page206_H-17_a_c0,0.36009347,0.034824327
page207_H-18_a_c1_sym_001,page207_H-18_a_c1,1.633666,0.87920725
page207_H-19_a_c1_sym_001,page207_H-19_a_c1,-1.2887583,-1.0448539
page207_H-19_a_c1_sym_002,page207_H-19_a_c1,-1.3471353,-1.1578653
page208_H-21_A_c0_sym_001,page208_H-21_A_c0,0.5922248,0.039335527
page208_H-21_A_c0_sym_002,page208_H-21_A_c0,-1.032218,-1.1165228
page208_H-21_A_c0_sym_003,page208_H-21_A_c0,-0.32411918,-0.57082504
page208_H-21_A_c0_sym_004,page208_H-21_A_c0,-0.58458185,-0.76571304
page208_H-21_A_c0_sym_005,page208_H-21_A_c0,1.0568612,0.39593747
page208_H-21_A_c0_sym_006,page208_H-21_A_c0,-1.609695,-1.1849307
page208_H-21_A_c0_sym_007,page208_H-21_A_c0,-1.6096594,-1.1852045
page209_H-24_A_c0_sym_001,page209_H-24_A_c0,-1.5055665,-1.1383586
page212_H-33_A_c0_sym_001,page212_H-33_A_c0,-5.3333416,-1.3252479
page212_H-34_A_c0_sym_001,page212_H-34_A_c0,-5.3333416,-1.3252479
page213_H-37_a_c1_sym_001,page213_H-37_a_c1,0.6512532,0.12208881
page214_H-39_A_c0_sym_001,page214_H-39_A_c0,-1.048468,-1.1190511
page214_H-39_A_c0_sym_002,page214_H-39_A_c0,-2.2042537,-1.2651256
page214_H-39_A_c0_sym_003,page214_H-39_A_c0,-0.046060696,-0.38969666
page214_H-39_A_c0_sym_004,page214_H-39_A_c0,2.232865,1.4142246
page214_H-39_A_c0_sym_005,page214_H-39_A_c0,0.5670103,0.07059288
page214_H-39_A_c0_sym_006,page214_H-39_A_c0,1.1281933,0.49325535
page214_H-39_A_c0_sym_007,page214_H-39_A_c0,5.6783404,4.0957303
page214_H-39_a_c1_sym_001,page214_H-39_a_c1,-1.1398842,-1.0521531
page214_H-40_a_c0_sym_001,page214_H-40_a_c0,-1.1398842,-1.0521531
page215_H-41_a_c0_sym_001,page215_H-41_a_c0,-0.5893539,-0.699421
page215_H-41_a_c0_sym_002,page215_H-41_a_c0,0.32447782,-0.113224946
page216_H-44_A_c0_sym_001,page216_H-44_A_c0,1.5042372,0.68422085
page216_H-46_a_c1_sym_001,page216_H-46_a_c1,-3.5962908,-1.4984889
page216_H-4_S_c0_sym_001,page216_H-4_S_c0,1.5042372,0.68422085
page217_H-50_a_c0_sym_001,page217_H-50_a_c0,1.6243888,1.0055236
page217_H-50_c2_sym_001,page217_H-50_c2,1.6243888,1.0055236
page218_H-54_a_c0_sym_001,page218_H-54_a_c0,-0.8922631,-0.84413064
page218_H-54_a_c0_sym_002,page218_H-54_a_c0,0.0026941828,-0.31065023
page219_H-42_a_c1_sym_001,page219_H-42_a_c1,-0.43006146,-0.63830584
page219_H-42_a_c1_sym_002,page219_H-42_a_c1,-2.5045688,-0.37959442
page219_H-57_a_c0_sym_001,page219_H-57_a_c0,1.1220665,0.44444516
page219_H-57_a_c0_sym_002,page219_H-57_a_c0,0.958751,0.33218867
page219_H-57_a_c0_sym_003,page219_H-57_a_c0,1.4151285,0.67888725
page219_H-59_A_c0_sym_001,page219_H-59_A_c0,4.9256096,3.467778
page219_H-59_a_c1_sym_001,page219_H-59_a_c1,4.9256096,3.467778
page219_H-62_A_c2_sym_001,page219_H-62_A_c2,4.9256096,3.467778
page220_H-64_A_c0_sym_001,page220_H-64_A_c0,-0.10522075,-0.4071185
page220_H-64_A_c0_sym_002,page220_H-64_A_c0,1.2252319,0.52207613
page220_H-65_A_c1_sym_001,page220_H-65_A_c1,3.062908,2.0550847
page220_H-65_A_c1_sym_002,page220_H-65_A_c1,1.0910327,0.49528727
page220_H-65_A_c1_sym_003,page220_H-65_A_c1,0.8287378,0.23644838
page220_H-65_A_c1_sym_004,page220_H-65_A_c1,1.2967024,0.61437243
page220_H-65_A_c1_sym_005,page220_H-65_A_c1,1.8739138,1.1111764
page220_H-65_A_c1_sym_006,page220_H-65_A_c1,-0.36961997,-0.58008486
page220_H-65_A_c1_sym_007,page220_H-65_A_c1,0.7186866,0.18203823
page220_H-65_A_c1_sym_008,page220_H-65_A_c1,1.1167358,0.49359196
page220_H-65_A_c1_sym_009,page220_H-65_A_c1,1.1041647,0.42132077
page220_H-65_A_c1_sym_010,page220_H-65_A_c1,-0.70357424,-0.7536976
page220_H-65_A_c1_sym_011,page220_H-65_A_c1,-0.05748866,-0.3563652
page220_H-65_A_c1_sym_012,page220_H-65_A_c1,1.6638316,0.9205283
page220_H-65_A_c1_sym_013,page220_H-65_A_c1,0.87369573,0.2694175
page220_H-65_A_c1_sym_014,page220_H-65_A_c1,1.3988472,0.7865831
page220_H-65_A_c1_sym_015,page220_H-65_A_c1,0.39538136,-0.078258164
page220_H-66_a_c0_sym_001,page220_H-66_a_c0,-1.2343944,-0.9855607
page220_H-66_a_c0_sym_002,page220_H-66_a_c0,-0.5404535,-0.7064504
page220_H-66_a_c0_sym_003,page220_H-66_a_c0,1.6141697,0.8630325
page220_H-66_a_c0_sym_004,page220_H-66_a_c0,-0.8871579,-0.82966304
page220_H-66_a_c0_sym_005,page220_H-66_a_c0,0.26454312,-0.11490015
page220_H-66_a_c0_sym_006,page220_H-66_a_c0,0.0936281,-0.29719934
page220_H-66_a_c0_sym_007,page220_H-66_a_c0,-0.42571154,-0.6063531
page220_H-66_a_c0_sym_008,page220_H-66_a_c0,1.0902886,0.46982333
page220_H-66_a_c0_sym_009,page220_H-66_a_c0,1.1716216,0.4868326
page220_H-66_a_c0_sym_010,page220_H-66_a_c0,0.13521051,-0.25897345
page220_H-66_a_c0_sym_011,page220_H-66_a_c0,3.0453339,2.0211918
page220_H-66_a_c0_sym_012,page220_H-66_a_c0,0.0019479127,-0.34209487
page220_H-66_a_c0_sym_013,page220_H-66_a_c0,-0.49205884,-0.62471974
page220_H-66_a_c0_sym_014,page220_H-66_a_c0,0.32960233,-0.07240628
page220_H-66_a_c0_sym_015,page220_H-66_a_c0,1.2251977,0.5551937
page220_H-66_a_c0_sym_016,page220_H-66_a_c0,1.5585084,0.9265256
page220_H-66_a_c0_sym_017,page220_H-66_a_c0,0.6546864,0.1161073
page220_H-66_a_c0_sym_018,page220_H-66_a_c0,0.71309173,0.19097853
page220_H-66_a_c0_sym_019,page220_H-66_a_c0,1.6473644,0.83463883
page220_H-66_a_c0_sym_020,page220_H-66_a_c0,-0.075014986,-0.3700496
page220_H-66_a_c0_sym_021,page220_H-66_a_c0,-0.1400746,-0.4183191
page220_H-66_a_c0_sym_022,page220_H-66_a_c0,-0.33317658,-0.5498802
page220_H-66_a_c0_sym_023,page220_H-66_a_c0,0.30092216,-0.04798942
page220_H-66_a_c0_sym_024,page220_H-66_a_c0,1.9177027,1.1637132
page220_H-68_A_c0_sym_001,page220_H-68_A_c0,3.062908,2.0550847
page220_H-68_A_c0_sym_002,page220_H-68_A_c0,1.0910327,0.49528727
page220_H-68_A_c0_sym_003,page220_H-68_A_c0,0.8287378,0.23644838
page220_H-68_A_c0_sym_004,page220_H-68_A_c0,1.2967024,0.61437243
page220_H-68_A_c0_sym_005,page220_H-68_A_c0,1.8739138,1.1111764
page220_H-68_A_c0_sym_006,page220_H-68_A_c0,-0.36961997,-0.58008486
page220_H-68_A_c0_sym_007,page220_H-68_A_c0,0.7186866,0.18203823
page220_H-68_A_c0_sym_008,page220_H-68_A_c0,1.1167358,0.49359196
page220_H-68_A_c0_sym_009,page220_H-68_A_c0,1.1041647,0.42132077
page220_H-68_A_c0_sym_010,page220_H-68_A_c0,-0.70357424,-0.7536976
page220_H-68_A_c0_sym_011,page220_H-68_A_c0,-0.05748866,-0.3563652
page220_H-68_A_c0_sym_012,page220_H-68_A_c0,1.6638316,0.9205283
page220_H-68_A_c0_sym_013,page220_H-68_A_c0,0.87369573,0.2694175
page220_H-68_A_c0_sym_014,page220_H-68_A_c0,1.3988472,0.7865831
page220_H-68_A_c0_sym_015,page220_H-68_A_c0,0.39538136,-0.078258164
page220_H-68_a_c2_sym_001,page220_H-68_a_c2,0.82663816,0.22376667
page220_H-68_a_c2_sym_002,page220_H-68_a_c2,-0.5363189,-0.6712832
page220_H-68_a_c2_sym_003,page220_H-68_a_c2,0.22400689,-0.20363654
page221_H-71_A_c2_sym_001,page221_H-71_A_c2,4.8155427,3.4380882
page221_H-75_a_c0_sym_001,page221_H-75_a_c0,3.851497,2.6387815
page221_H-75_A_c3_sym_001,page221_H-75_A_c3,4.8155427,3.4380882
page222_H-76_A_c0_sym_001,page222_H-76_A_c0,-0.08626707,-0.400654
page222_H-76_A_c0_sym_002,page222_H-76_A_c0,1.8367639,1.1358038
page222_H-78_a_c0_sym_001,page222_H-78_a_c0,-0.5826799,-0.6853953
page222_H-79_A_c0_sym_001,page222_H-79_A_c0,-0.79994404,-0.815578
page222_H-79_A_c0_sym_002,page222_H-79_A_c0,1.0552214,0.38797617
page222_H-81_A_c2_sym_001,page222_H-81_A_c2,-0.5826799,-0.6853953
page224_H-88_A_c0_sym_001,page224_H-88_A_c0,-1.9108375,-1.1621288
page224_H-88_A_c0_sym_002,page224_H-88_A_c0,-1.2866744,-1.1580163
page225_H-89_A_c0_sym_001,page225_H-89_A_c0,-1.5016996,-1.0005744
page225_H-91_a_c1_sym_001,page225_H-91_a_c1,-0.14956595,-0.46624917
page225_H-91_a_c1_sym_002,page225_H-91_a_c1,2.398338,1.5504009
page225_H-91_a_c1_sym_003,page225_H-91_a_c1,-0.5113033,-0.6954175
page225_H-91_a_c1_sym_004,page225_H-91_a_c1,2.419567,1.5058419
page225_H-91_a_c1_sym_005,page225_H-91_a_c1,0.18949766,-0.17348202
page225_H-91_a_c1_sym_006,page225_H-91_a_c1,0.32002836,-0.049428068
page225_H-91_a_c1_sym_007,page225_H-91_a_c1,0.5655851,0.05484348
page225_H-91_a_c1_sym_008,page225_H-91_a_c1,0.3495368,-0.094857864
page225_H-91_a_c1_sym_009,page225_H-91_a_c1,0.12674733,-0.24286388
page225_H-91_a_c1_sym_010,page225_H-91_a_c1,3.6515536,2.5425408
page225_H-92_A_c0_sym_001,page225_H-92_A_c0,-1.5016996,-1.0005744
page226_H-96_A_c0_sym_001,page226_H-96_A_c0,-0.9469001,-0.88054967
page226_H-96_a_c1_sym_001,page226_H-96_a_c1,-0.44301406,-0.6086284
page226_H-97_A_c0_sym_001,page226_H-97_A_c0,-0.9469001,-0.88054967
page226_H-97_a_c1_sym_001,page226_H-97_a_c1,1.2963709,0.7156455
page226_H-98_A_c0_sym_001,page226_H-98_A_c0,-0.9469001,-0.88054967
page226_H-98_a_c1_sym_001,page226_H-98_a_c1,1.2963709,0.7156455
page226_H-99_E_c2_sym_001,page226_H-99_E_c2,1.2963709,0.7156455
page227_H-102_b_c0_sym_001,page227_H-102_b_c0,-0.69098395,-0.69070804
page227_H-102_B_c2_sym_001,page227_H-102_B_c2,-0.69098395,-0.69070804
page227_H-102_D_c1_sym_001,page227_H-102_D_c1,0.98916924,0.47954753
page228_H-103_a_c0_sym_001,page228_H-103_a_c0,-1.1203074,-1.00246
page228_H-103_E_c0_sym_001,page228_H-103_E_c0,-0.95985854,-0.927711
page228_H-103_F_c0_sym_001,page228_H-103_F_c0,-1.1203074,-1.00246
page228_H-104_A_c0_sym_001,page228_H-104_A_c0,-1.1203074,-1.00246
page228_H-104_a_c1_sym_001,page228_H-104_a_c1,-1.059226,-0.86230046
page228_H-104_a_c1_sym_002,page228_H-104_a_c1,-0.31182286,-0.5950232
page229_H-105_A_c0_sym_001,page229_H-105_A_c0,-1.255432,-1.1592668
page229_H-105_A_c0_sym_002,page229_H-105_A_c0,-0.70544577,-0.8411068
page229_H-105_A_c0_sym_003,page229_H-105_A_c0,-1.7306108,-1.108315
page229_H-106_A_c0_sym_001,page229_H-106_A_c0,5.6361036,3.9937
page229_H-106_a_c1_sym_001,page229_H-106_a_c1,5.6361036,3.9937
page229_H-107_a_c1_sym_001,page229_H-107_a_c1,-1.255432,-1.1592668
page229_H-107_a_c1_sym_002,page229_H-107_a_c1,-0.70544577,-0.8411068
page229_H-107_a_c1_sym_003,page229_H-107_a_c1,-1.7306108,-1.108315
page229_H-108_A_c0_sym_001,page229_H-108_A_c0,5.6361036,3.9937
page229_H-108_c1_sym_001,page229_H-108_c1,5.6361036,3.9937
page229_H-109_A_c0_sym_001,page229_H-109_A_c0,-1.255432,-1.1592668
page229_H-109_A_c0_sym_002,page229_H-109_A_c0,-0.70544577,-0.8411068
page229_H-109_A_c0_sym_003,page229_H-109_A_c0,-1.7306108,-1.108315
page229_H-1_L_c1_sym_001,page229_H-1_L_c1,-0.8797867,-0.7905452
page229_H-1_L_c1_sym_002,page229_H-1_L_c1,-0.73260486,-0.8458868
page230_H-114_A_c0_sym_001,page230_H-114_A_c0,-0.5848188,-0.6952132
page230_H-114_A_c0_sym_002,page230_H-114_A_c0,0.6251554,0.11419009
page230_H-115_a_c2_sym_001,page230_H-115_a_c2,4.408196,3.058824
page230_H-116_A_c0_sym_001,page230_H-116_A_c0,-0.5848188,-0.6952132
page230_H-116_A_c0_sym_002,page230_H-116_A_c0,0.6251554,0.11419009
page230_H-116_a_c1_sym_001,page230_H-116_a_c1,0.34406534,-0.1020598
page230_H-116_a_c1_sym_002,page230_H-116_a_c1,-1.1502596,-1.1122028
page230_H-116_a_c1_sym_003,page230_H-116_a_c1,-1.0472246,-0.8214612
page230_H-117_A_c2_sym_001,page230_H-117_A_c2,4.5642185,3.1773398
page230_H-1_I_c0_sym_001,page230_H-1_I_c0,-1.5532974,-1.0029955
page230_H-1_I_c0_sym_002,page230_H-1_I_c0,-1.1709238,-0.9402587
page230_H-1_I_c0_sym_003,page230_H-1_I_c0,5.1397934,3.6390736
page230_H-1_I_c0_sym_004,page230_H-1_I_c0,1.2384175,0.5248439
page230_H-1_I_c0_sym_005,page230_H-1_I_c0,1.159894,0.53520817
page230_H-1_I_c0_sym_006,page230_H-1_I_c0,0.5271143,0.05020632
page230_H-1_I_c1_sym_001,page230_H-1_I_c1,4.5642185,3.1773398
page231_H-125_A_c2_sym_001,page231_H-125_A_c2,-1.1562157,-0.95222723
page231_H-125_a_c3_sym_001,page231_H-125_a_c3,-0.431115,-0.6045159
page231_H-126_A_c0_sym_001,page231_H-126_A_c0,4.303867,2.9592683
page231_H-127_A_c2_sym_001,page231_H-127_A_c2,-1.1562157,-0.95222723
page231_H-21_a_c3_sym_001,page231_H-21_a_c3,-0.431115,-0.6045159
page232_H-128_a_c1_sym_001,page232_H-128_a_c1,-1.2891418,-0.9804465
page232_H-129_A_bis_c0_sym_001,page232_H-129_A_bis_c0,-1.3232082,-1.1551057
page232_H-129_A_c0_sym_001,page232_H-129_A_c0,-1.3232082,-1.1551057
page232_H-129_B_c0_sym_001,page232_H-129_B_c0,-1.3232082,-1.1551057
page232_H-129_E_c1_sym_001,page232_H-129_E_c1,-1.3232082,-1.1551057
page233_H-131_A_c0_sym_001,page233_H-131_A_c0,-5.348657,-1.2268647
page233_H-131_B_c0_sym_001,page233_H-131_B_c0,-5.348657,-1.2268647
page233_H-131_E_c1_sym_001,page233_H-131_E_c1,-5.348657,-1.2268647
page234_H-132_A_c0_sym_001,page234_H-132_A_c0,-0.6654346,-0.51043457
page235_H-134_A_c0_sym_001,page235_H-134_A_c0,-1.0600111,-1.1206682
page235_H-135_a_c1_sym_001,page235_H-135_a_c1,-1.630844,-1.1782819
page235_H-136_A_bis_c1_sym_001,page235_H-136_A_bis_c1,-1.630844,-1.1782819
page235_H-136_A_c0_sym_001,page235_H-136_A_c0,-1.0600111,-1.1206682
page235_H-136_E_c0_sym_001,page235_H-136_E_c0,-1.630844,-1.1782819
page235_H-137_A_c0_sym_001,page235_H-137_A_c0,-1.0600111,-1.1206682
page236_H-140_a_c0_sym_001,page236_H-140_a_c0,0.27093887,-0.12154633
page236_H-141_A_bis_c0_sym_001,page236_H-141_A_bis_c0,0.27093887,-0.12154633
page236_H-141_c0_sym_001,page236_H-141_c0,0.27093887,-0.12154633
page236_H-143_a_c0_sym_001,page236_H-143_a_c0,-0.96442413,-0.9449355
page238_H-152_a_c0_sym_001,page238_H-152_a_c0,-0.8398245,-0.58876324
page238_H-152_A_c1_sym_001,page238_H-152_A_c1,-0.8398245,-0.58876324
page238_H-153_a_c1_sym_001,page238_H-153_a_c1,-0.60172623,-0.6820803
page238_H-153_a_c1_sym_002,page238_H-153_a_c1,-0.42385754,-0.61512214
page238_H-153_a_c1_sym_003,page238_H-153_a_c1,1.1175876,0.4410169
page238_H-155_A_c1_sym_001,page238_H-155_A_c1,-0.8398245,-0.58876324
page238_H-156_a_c0_sym_001,page238_H-156_a_c0,-0.8398245,-0.58876324
page238_H-156_c2_sym_001,page238_H-156_c2,-0.60172623,-0.6820803
page238_H-156_c2_sym_002,page238_H-156_c2,-0.42385754,-0.61512214
page238_H-156_c2_sym_003,page238_H-156_c2,1.1175876,0.4410169
page238_H-158_A_c0_sym_001,page238_H-158_A_c0,-0.8398245,-0.58876324
page238_H-159_A_bis_c2_sym_001,page238_H-159_A_bis_c2,-0.60172623,-0.6820803
page238_H-159_A_bis_c2_sym_002,page238_H-159_A_bis_c2,-0.42385754,-0.61512214
page238_H-159_A_bis_c2_sym_003,page238_H-159_A_bis_c2,1.1175876,0.4410169
page238_H-159_A_c1_sym_001,page238_H-159_A_c1,-1.0831261,-0.94590735
page238_H-159_C_c2_sym_001,page238_H-159_C_c2,-0.60172623,-0.6820803
page238_H-159_C_c2_sym_002,page238_H-159_C_c2,-0.42385754,-0.61512214
page238_H-159_C_c2_sym_003,page238_H-159_C_c2,1.1175876,0.4410169
page239_H-161_A_c0_sym_001,page239_H-161_A_c0,-1.3710576,-1.1588482
page239_H-161_B_c0_sym_001,page239_H-161_B_c0,-1.3710576,-1.1588482
page239_H-161_D_c1_sym_001,page239_H-161_D_c1,1.6413054,0.8616691
page239_H-161_D_c1_sym_002,page239_H-161_D_c1,0.4577257,0.0041199788
page239_H-161_D_c1_sym_003,page239_H-161_D_c1,-0.5706062,-0.7042529
page239_H-161_D_c1_sym_004,page239_H-161_D_c1,0.7279834,0.16703959
page239_H-162_A_c0_sym_001,page239_H-162_A_c0,1.7222028,0.9015684
page239_H-162_A_c0_sym_002,page239_H-162_A_c0,0.8250308,0.24198265
page239_H-162_A_c0_sym_003,page239_H-162_A_c0,0.9690359,0.30090383
page239_H-162_B_c0_sym_001,page239_H-162_B_c0,1.7222028,0.9015684
page239_H-162_B_c0_sym_002,page239_H-162_B_c0,0.8250308,0.24198265
page239_H-162_B_c0_sym_003,page239_H-162_B_c0,0.9690359,0.30090383
page239_H-162_E_c0_sym_001,page239_H-162_E_c0,1.7222028,0.9015684
page239_H-162_E_c0_sym_002,page239_H-162_E_c0,0.8250308,0.24198265
page239_H-162_E_c0_sym_003,page239_H-162_E_c0,0.9690359,0.30090383
page240_A-165_c0_sym_001,page240_A-165_c0,1.140241,0.4832637
page240_A-165_c0_sym_002,page240_A-165_c0,1.0273049,0.43737653
page240_H-163_A_bis_c1_sym_001,page240_H-163_A_bis_c1,2.7385082,1.787123
page240_H-164_A_c0_sym_001,page240_H-164_A_c0,-2.3217325,-0.9272602
page240_H-164_B_c2_sym_001,page240_H-164_B_c2,1.140241,0.4832637
page240_H-164_B_c2_sym_002,page240_H-164_B_c2,1.0273049,0.43737653
page240_H-164_F_c1_sym_001,page240_H-164_F_c1,2.7385082,1.787123
page240_H-165_F_c2_sym_001,page240_H-165_F_c2,1.140241,0.4832637
page240_H-165_F_c2_sym_002,page240_H-165_F_c2,1.0273049,0.43737653
page242_H-169_A_c0_sym_001,page242_H-169_A_c0,-1.9300846,-1.1502008
page243_H-170_B_c0_sym_001,page243_H-170_B_c0,2.8348634,1.8947335
page243_H-171_A_c0_sym_001,page243_H-171_A_c0,2.8348634,1.8947335
page243_H-171_B_c0_sym_001,page243_H-171_B_c0,-1.0062993,-0.92179585
page243_H-172_B_c0_sym_001,page243_H-172_B_c0,2.8792338,1.9221797
page243_H-173_A_c0_sym_001,page243_H-173_A_c0,-2.015759,-1.2485803
page243_H-173_A_c0_sym_002,page243_H-173_A_c0,-0.5045035,-0.69450015
page243_H-173_A_c0_sym_003,page243_H-173_A_c0,0.3746594,-0.11194008
page243_H-173_A_c0_sym_004,page243_H-173_A_c0,-0.013524551,-0.38445348
page243_H-173_A_c0_sym_005,page243_H-173_A_c0,-0.21167186,-0.48185557
page243_H-173_A_c0_sym_006,page243_H-173_A_c0,-0.0005115191,-0.3388436
page243_H-173_A_c0_sym_007,page243_H-173_A_c0,-4.717678,-1.4203306
page243_H-173_A_c0_sym_008,page243_H-173_A_c0,-1.0469949,-1.118905
page243_H-173_A_c0_sym_009,page243_H-173_A_c0,1.057669,0.5003943
page243_H-173_A_c0_sym_010,page243_H-173_A_c0,-1.6547189,-1.1863482
page243_H-173_A_c0_sym_011,page243_H-173_A_c0,-0.99974644,-1.0682837
page243_H-173_A_c0_sym_012,page243_H-173_A_c0,-1.4098817,-1.1216444
page243_H-173_A_c0_sym_013,page243_H-173_A_c0,0.679739,0.14184235
page243_H-173_A_c0_sym_014,page243_H-173_A_c0,2.3953822,1.5563749
page243_H-173_A_c0_sym_015,page243_H-173_A_c0,-0.40912187,-0.6466071
page243_H-173_A_c0_sym_016,page243_H-173_A_c0,1.5385758,0.7824164
page243_H-173_A_c0_sym_017,page243_H-173_A_c0,-0.78029704,-0.91302806
page243_H-173_A_c0_sym_018,page243_H-173_A_c0,1.4657223,0.78558975
page243_H-173_A_c0_sym_019,page243_H-173_A_c0,-0.41477168,-0.48877057
page243_H-173_A_c0_sym_020,page243_H-173_A_c0,-0.5151018,-0.72140753
page243_H-173_A_c0_sym_021,page243_H-173_A_c0,-1.0748323,-1.1070368
page243_H-173_A_c0_sym_022,page243_H-173_A_c0,-0.7068441,-0.86418027
page243_H-173_A_c0_sym_023,page243_H-173_A_c0,1.1430153,0.4868824
page243_H-173_A_c0_sym_024,page243_H-173_A_c0,0.16929342,-0.21429227
page243_H-173_A_c0_sym_025,page243_H-173_A_c0,-0.10501977,-0.3759729
page243_H-173_A_c0_sym_026,page243_H-173_A_c0,-3.2958813,-1.2636797
page243_H-173_A_c0_sym_027,page243_H-173_A_c0,-0.4506471,-0.49320588
page243_H-173_B_c0_sym_001,page243_H-173_B_c0,-2.015759,-1.2485803
page243_H-173_B_c0_sym_002,page243_H-173_B_c0,-0.5045035,-0.69450015
page243_H-173_B_c0_sym_003,page243_H-173_B_c0,0.3746594,-0.11194008
page243_H-173_B_c0_sym_004,page243_H-173_B_c0,-0.013524551,-0.38445348
page243_H-173_B_c0_sym_005,page243_H-173_B_c0,-0.21167186,-0.48185557
page243_H-173_B_c0_sym_006,page243_H-173_B_c0,-0.0005115191,-0.3388436
page243_H-173_B_c0_sym_007,page243_H-173_B_c0,-4.717678,-1.4203306
page243_H-173_B_c0_sym_008,page243_H-173_B_c0,-1.0469949,-1.118905
page243_H-173_B_c0_sym_009,page243_H-173_B_c0,1.057669,0.5003943
page243_H-173_B_c0_sym_010,page243_H-173_B_c0,-1.6547189,-1.1863482
page243_H-173_B_c0_sym_011,page243_H-173_B_c0,-0.99974644,-1.0682837
page243_H-173_B_c0_sym_012,page243_H-173_B_c0,-1.4098817,-1.1216444
page243_H-173_B_c0_sym_013,page243_H-173_B_c0,0.679739,0.14184235
page243_H-173_B_c0_sym_014,page243_H-173_B_c0,2.3953822,1.5563749
page243_H-173_B_c0_sym_015,page243_H-173_B_c0,-0.40912187,-0.6466071
page243_H-173_B_c0_sym_016,page243_H-173_B_c0,1.5385758,0.7824164
page243_H-173_B_c0_sym_017,page243_H-173_B_c0,-0.78029704,-0.91302806
page243_H-173_B_c0_sym_018,page243_H-173_B_c0,1.4657223,0.78558975
page243_H-173_B_c0_sym_019,page243_H-173_B_c0,-0.41477168,-0.48877057
page243_H-173_B_c0_sym_020,page243_H-173_B_c0,-0.5151018,-0.72140753
page243_H-173_B_c0_sym_021,page243_H-173_B_c0,-1.0748323,-1.1070368
page243_H-173_B_c0_sym_022,page243_H-173_B_c0,-0.7068441,-0.86418027
page243_H-173_B_c0_sym_023,page243_H-173_B_c0,1.1430153,0.4868824
page243_H-173_B_c0_sym_024,page243_H-173_B_c0,0.16929342,-0.21429227
page243_H-173_B_c0_sym_025,page243_H-173_B_c0,-0.10501977,-0.3759729
page243_H-173_B_c0_sym_026,page243_H-173_B_c0,-3.2958813,-1.2636797
page243_H-173_B_c0_sym_027,page243_H-173_B_c0,-0.4506471,-0.49320588
page243_H-175_A_c0_sym_001,page243_H-175_A_c0,-2.015759,-1.2485803
page243_H-175_A_c0_sym_002,page243_H-175_A_c0,-0.5045035,-0.69450015
page243_H-175_A_c0_sym_003,page243_H-175_A_c0,0.3746594,-0.11194008
page243_H-175_A_c0_sym_004,page243_H-175_A_c0,-0.013524551,-0.38445348
page243_H-175_A_c0_sym_005,page243_H-175_A_c0,-0.21167186,-0.48185557
page243_H-175_A_c0_sym_006,page243_H-175_A_c0,-0.0005115191,-0.3388436
page243_H-175_A_c0_sym_007,page243_H-175_A_c0,-4.717678,-1.4203306
page243_H-175_A_c0_sym_008,page243_H-175_A_c0,-1.0469949,-1.118905
page243_H-175_A_c0_sym_009,page243_H-175_A_c0,1.057669,0.5003943
page243_H-175_A_c0_sym_010,page243_H-175_A_c0,-1.6547189,-1.1863482
page243_H-175_A_c0_sym_011,page243_H-175_A_c0,-0.99974644,-1.0682837
page243_H-175_A_c0_sym_012,page243_H-175_A_c0,-1.4098817,-1.1216444
page243_H-175_A_c0_sym_013,page243_H-175_A_c0,0.679739,0.14184235
page243_H-175_A_c0_sym_014,page243_H-175_A_c0,2.3953822,1.5563749
page243_H-175_A_c0_sym_015,page243_H-175_A_c0,-0.40912187,-0.6466071
page243_H-175_A_c0_sym_016,page243_H-175_A_c0,1.5385758,0.7824164
page243_H-175_A_c0_sym_017,page243_H-175_A_c0,-0.78029704,-0.91302806
page243_H-175_A_c0_sym_018,page243_H-175_A_c0,1.4657223,0.78558975
page243_H-175_A_c0_sym_019,page243_H-175_A_c0,-0.41477168,-0.48877057
page243_H-175_A_c0_sym_020,page243_H-175_A_c0,-0.5151018,-0.72140753
page243_H-175_A_c0_sym_021,page243_H-175_A_c0,-1.0748323,-1.1070368
page243_H-175_A_c0_sym_022,page243_H-175_A_c0,-0.7068441,-0.86418027
page243_H-175_A_c0_sym_023,page243_H-175_A_c0,1.1430153,0.4868824
page243_H-175_A_c0_sym_024,page243_H-175_A_c0,0.16929342,-0.21429227
page243_H-175_A_c0_sym_025,page243_H-175_A_c0,-0.10501977,-0.3759729
page243_H-175_A_c0_sym_026,page243_H-175_A_c0,-3.2958813,-1.2636797
page243_H-175_A_c0_sym_027,page243_H-175_A_c0,-0.4506471,-0.49320588
page244_H-176_A_bis_c0_sym_001,page244_H-176_A_bis_c0,-1.3475838,-1.0733874
page245_H-177_A_c0_sym_001,page245_H-177_A_c0,1.9162791,1.173227
page245_H-181_B_c0_sym_001,page245_H-181_B_c0,3.060865,2.04841
page247_H-190_B_c1_sym_001,page247_H-190_B_c1,-0.781886,-0.76345706
page247_H-190_B_c1_sym_002,page247_H-190_B_c1,-1.5261805,-1.009799
page248_H-201_A_c2_sym_001,page248_H-201_A_c2,0.7553235,0.23821837
page248_H-201_B_c2_sym_001,page248_H-201_B_c2,-1.1010832,-1.1277436
page249_H-200_A_c1_sym_001,page249_H-200_A_c1,2.618896,1.7520765
page249_H-203_A_c0_sym_001,page249_H-203_A_c0,1.5717398,0.92753494
page249_H-204_A_c0_sym_001,page249_H-204_A_c0,2.618896,1.7520765
page249_H-205_A_c0_sym_001,page249_H-205_A_c0,1.5717398,0.92753494
page249_H-205_B_c0_sym_001,page249_H-205_B_c0,1.5717398,0.92753494
page249_H-206_A_c1_sym_001,page249_H-206_A_c1,2.618896,1.7520765
page249_H-208_A_c0_sym_001,page249_H-208_A_c0,1.5717398,0.92753494
page249_H-210_A_c0_sym_001,page249_H-210_A_c0,2.162333,1.3567779
page249_H-210_B_c0_sym_001,page249_H-210_B_c0,-0.30060336,-0.5089077
page249_H-213_A_c1_sym_001,page249_H-213_A_c1,-0.30060336,-0.5089077
page249_H-213_B_c0_sym_001,page249_H-213_B_c0,-0.30060336,-0.5089077
page250_H-215_A_c0_sym_001,page250_H-215_A_c0,1.6836976,1.002918
page250_H-215_c0_sym_001,page250_H-215_c0,1.6836976,1.002918
page250_H-218_A_c0_sym_001,page250_H-218_A_c0,1.880801,1.1468496
page250_H-218_B_c0_sym_001,page250_H-218_B_c0,1.880801,1.1468496
page250_H-219_A_c1_sym_001,page250_H-219_A_c1,1.6836976,1.002918
page250_H-219_B_c1_sym_001,page250_H-219_B_c1,1.6836976,1.002918
page250_H-221_A_c0_sym_001,page250_H-221_A_c0,2.2555747,1.4408977
page250_H-222_B_c0_sym_001,page250_H-222_B_c0,2.3309267,1.4717867
page250_H-223_A_c0_sym_001,page250_H-223_A_c0,-1.2430305,-0.98843724
page250_H-223_A_c0_sym_002,page250_H-223_A_c0,2.7975805,1.8623434
page250_H-223_B_c0_sym_001,page250_H-223_B_c0,-1.2430305,-0.98843724
page250_H-223_B_c0_sym_002,page250_H-223_B_c0,2.7975805,1.8623434
page250_H-224_A_c1_sym_001,page250_H-224_A_c1,2.0937824,1.3102658
page250_H-224_B_c1_sym_001,page250_H-224_B_c1,2.7314467,1.8188766
page250_H-225_A_c0_sym_001,page250_H-225_A_c0,2.3309267,1.4717867
page251_H-226_C_c0_sym_001,page251_H-226_C_c0,1.4911356,0.8913197
page251_H-227_A_c1_sym_001,page251_H-227_A_c1,1.1890225,0.6682718
page251_H-227_B_c1_sym_001,page251_H-227_B_c1,1.1890225,0.6682718
page251_H-228_A_c0_sym_001,page251_H-228_A_c0,1.2801608,0.7011169
page251_H-228_B_c0_sym_001,page251_H-228_B_c0,1.7196767,1.0804183
page251_H-229_A_c1_sym_001,page251_H-229_A_c1,1.4911356,0.8913197
page251_H-229_B_c1_sym_001,page251_H-229_B_c1,1.4911356,0.8913197
page251_H-230_A_c2_sym_001,page251_H-230_A_c2,1.1890225,0.6682718
page251_H-230_B_c2_sym_001,page251_H-230_B_c2,1.1890225,0.6682718
page251_H-231_A_c0_sym_001,page251_H-231_A_c0,1.7196767,1.0804183
page251_H-231_B_c0_sym_001,page251_H-231_B_c0,1.7196767,1.0804183
page251_H-233_A_c1_sym_001,page251_H-233_A_c1,-0.75567544,-0.66202193
page252_H-234_B_c0_sym_001,page252_H-234_B_c0,2.2022173,1.3650016
page252_H-235_B_c0_sym_001,page252_H-235_B_c0,2.2022173,1.3650016
page252_H-236_B_c0_sym_001,page252_H-236_B_c0,1.4493322,0.78302974
page252_H-238_a_c0_sym_001,page252_H-238_a_c0,-0.15205516,-0.4025253
page252_H-238_C_c0_sym_001,page252_H-238_C_c0,-0.15205516,-0.4025253
page252_H-239_A_bis_c1_sym_001,page252_H-239_A_bis_c1,1.4493322,0.78302974
page252_H-239_A_c0_sym_001,page252_H-239_A_c0,2.2022173,1.3650016
page252_H-241_A_c0_sym_001,page252_H-241_A_c0,-0.15205516,-0.4025253
page252_H-241_B_c0_sym_001,page252_H-241_B_c0,-0.15205516,-0.4025253
page252_H-244_A_c3_sym_001,page252_H-244_A_c3,3.4152255,2.3154066
page252_H-244_B_c3_sym_001,page252_H-244_B_c3,3.4152255,2.3154066
page253_H-246_A_c2_sym_001,page253_H-246_A_c2,0.8298962,0.24214125
page253_H-246_B_c1_sym_001,page253_H-246_B_c1,0.8298962,0.24214125
page253_H-248_A_bis_c1_sym_001,page253_H-248_A_bis_c1,0.8298962,0.24214125
page253_H-248_A_c0_sym_001,page253_H-248_A_c0,0.294607,-0.037136942
page253_H-248_a_c1_sym_001,page253_H-248_a_c1,0.8298962,0.24214125
page253_H-248_B_c0_sym_001,page253_H-248_B_c0,0.294607,-0.037136942
page253_H-249_A_c0_sym_001,page253_H-249_A_c0,0.8298962,0.24214125
page253_H-251_A_c0_sym_001,page253_H-251_A_c0,-1.6035603,-1.0178047
page253_H-251_A_c0_sym_002,page253_H-251_A_c0,4.0379105,2.7802093
page253_H-251_c2_sym_001,page253_H-251_c2,-0.5218472,-0.7153001
page253_H-251_C_c2_sym_001,page253_H-251_C_c2,-0.6636103,-0.7258319
page254_H-252_A_c0_sym_001,page254_H-252_A_c0,0.36895686,-0.09902434
page254_H-252_A_c0_sym_002,page254_H-252_A_c0,-2.225349,-1.1544051
page254_H-252_B_bis_c1_sym_001,page254_H-252_B_bis_c1,-1.1132344,-1.1291226
page254_H-252_B_c1_sym_001,page254_H-252_B_c1,-1.668882,-1.2806497
page254_H-252_B_c1_sym_002,page254_H-252_B_c1,-0.6539344,-0.5937509
page254_H-252_B_c1_sym_003,page254_H-252_B_c1,-0.92591983,-0.8138619
page254_H-252_D_c0_sym_001,page254_H-252_D_c0,2.411025,1.4711221
page254_H-253_B_c1_sym_001,page254_H-253_B_c1,-1.1132344,-1.1291226
page255_H-255_A_bis_c0_sym_001,page255_H-255_A_bis_c0,-1.1768469,-1.083998
page255_H-255_B_bis_c1_sym_001,page255_H-255_B_bis_c1,-0.06709945,-0.3928377
page255_H-255_B_c1_sym_001,page255_H-255_B_c1,1.7947077,1.1563278
page255_H-256_A_bis_c0_sym_001,page255_H-256_A_bis_c0,-1.1768469,-1.083998
page255_H-256_A_c0_sym_001,page255_H-256_A_c0,-1.1768469,-1.083998
page255_H-256_B_bis_c1_sym_001,page255_H-256_B_bis_c1,-0.06709945,-0.3928377
page255_H-256_B_c1_sym_001,page255_H-256_B_c1,-0.06709945,-0.3928377
page255_H-257_A_bis_c0_sym_001,page255_H-257_A_bis_c0,-1.1768469,-1.083998
page255_H-257_A_c0_sym_001,page255_H-257_A_c0,-1.1768469,-1.083998
page255_H-257_B_c1_sym_001,page255_H-257_B_c1,-0.06709945,-0.3928377
page257_H-261_B_c1_sym_001,page257_H-261_B_c1,-2.0335467,-1.260861
page257_H-261_B_c1_sym_002,page257_H-261_B_c1,-3.1152458,-1.2186722
page257_H-262_A_c0_sym_001,page257_H-262_A_c0,-0.68291414,-0.8163181
page258_H-276_A_c0_sym_001,page258_H-276_A_c0,-0.06379397,-0.39830285
page258_H-276_A_c0_sym_002,page258_H-276_A_c0,-0.10785583,-0.4479753
page258_H-276_A_c0_sym_003,page258_H-276_A_c0,-0.3464445,-0.57114756
page258_H-276_A_c0_sym_004,page258_H-276_A_c0,-3.185264,-1.3434553
page258_H-276_A_c0_sym_005,page258_H-276_A_c0,1.7378421,1.0487752
page258_H-277_A_c0_sym_001,page258_H-277_A_c0,2.4853444,1.6247183
page258_H-278_A_c0_sym_001,page258_H-278_A_c0,2.4853444,1.6247183
page258_H-279_A_c0_sym_001,page258_H-279_A_c0,2.4853444,1.6247183
page258_H-280_A_bis_c0_sym_001,page258_H-280_A_bis_c0,2.4853444,1.6247183
page258_H-280_A_c0_sym_001,page258_H-280_A_c0,2.4853444,1.6247183
page258_H-280_B_c0_sym_001,page258_H-280_B_c0,1.9286215,1.2542157
page259_H-281_A_c0_sym_001,page259_H-281_A_c0,-1.1983598,-1.0123414
page259_H-281_B_c1_sym_001,page259_H-281_B_c1,-1.8054802,-1.2056484
page259_H-281_B_c1_sym_002,page259_H-281_B_c1,0.73280543,0.16969776
page259_H-282_B_c1_sym_001,page259_H-282_B_c1,0.25822705,0.009084722
page259_H-283_B_c1_sym_001,page259_H-283_B_c1,0.25822705,0.009084722
page259_H-286_A_c2_sym_001,page259_H-286_A_c2,1.1654822,0.47863585
page259_H-286_A_c2_sym_002,page259_H-286_A_c2,0.81423914,0.22055577
page259_H-286_A_c2_sym_003,page259_H-286_A_c2,2.6053393,1.6721196
page259_H-288_B_c0_sym_001,page259_H-288_B_c0,-1.0697343,-0.9861478
page259_H-289_A_c1_sym_001,page259_H-289_A_c1,-1.0697343,-0.9861478
page260_H-208_A_c3_sym_001,page260_H-208_A_c3,1.676276,0.9980917
page260_H-292_A_c1_sym_001,page260_H-292_A_c1,1.676276,0.9980917
page260_H-293_A_c1_sym_001,page260_H-293_A_c1,1.676276,0.9980917
page260_H-294_b_c1_sym_001,page260_H-294_b_c1,1.676276,0.9980917
page260_H-295_a_c0_sym_001,page260_H-295_a_c0,1.676276,0.9980917
page260_H-295_B_c0_sym_001,page260_H-295_B_c0,1.676276,0.9980917
page260_H-296_a_c1_sym_001,page260_H-296_a_c1,-0.9606059,-0.7657743
page260_H-296_b_c1_sym_001,page260_H-296_b_c1,-0.98504263,-0.8565162
page260_H-297_A_c2_sym_001,page260_H-297_A_c2,1.676276,0.9980917
page260_H-297_B_c2_sym_001,page260_H-297_B_c2,1.676276,0.9980917
page260_H-298_B_c3_sym_001,page260_H-298_B_c3,1.676276,0.9980917
page260_H-299_A_c0_sym_001,page260_H-299_A_c0,2.2382905,1.396702
page260_H-299_B_c0_sym_001,page260_H-299_B_c0,2.2382905,1.396702
page260_H-300_A_c1_sym_001,page260_H-300_A_c1,-0.98504263,-0.8565162
page260_H-300_B_c1_sym_001,page260_H-300_B_c1,-0.98504263,-0.8565162
page260_H-301_A_bis_c3_sym_001,page260_H-301_A_bis_c3,1.5106034,0.8945046
page260_H-301_A_c2_sym_001,page260_H-301_A_c2,1.9098915,1.1777538
page260_H-301_B_bis_c3_sym_001,page260_H-301_B_bis_c3,1.5106034,0.8945046
page260_H-301_B_c2_sym_001,page260_H-301_B_c2,1.9098915,1.1777538
page261_H-303_A_c0_sym_001,page261_H-303_A_c0,-1.2351261,-0.99615926
page261_H-303_A_c0_sym_002,page261_H-303_A_c0,-0.61150026,-0.6859363
page261_H-303_B_c0_sym_001,page261_H-303_B_c0,-0.21854623,-0.45131087
page261_H-304_B_c1_sym_001,page261_H-304_B_c1,-0.94697094,-0.8674647
page261_H-305_B_c1_sym_001,page261_H-305_B_c1,-0.94697094,-0.8674647
page261_H-307_A_c1_sym_001,page261_H-307_A_c1,-0.21854623,-0.45131087
page261_H-307_B_c1_sym_001,page261_H-307_B_c1,-0.21854623,-0.45131087
page261_H-308_A_c2_sym_001,page261_H-308_A_c2,-0.94697094,-0.8674647
page261_H-308_B_c2_sym_001,page261_H-308_B_c2,-0.94697094,-0.8674647
page261_H-309_A_c3_sym_001,page261_H-309_A_c3,1.6528758,0.9257367
page261_H-309_A_c3_sym_002,page261_H-309_A_c3,-0.86345094,-0.7901606
page261_H-309_A_c3_sym_003,page261_H-309_A_c3,-0.040643357,-0.36049634
page261_H-309_A_c3_sym_004,page261_H-309_A_c3,0.28920954,-0.1388776
page261_H-309_B_c3_sym_001,page261_H-309_B_c3,1.6528758,0.9257367
page261_H-309_B_c3_sym_002,page261_H-309_B_c3,-0.86345094,-0.7901606
page261_H-309_B_c3_sym_003,page261_H-309_B_c3,-0.040643357,-0.36049634
page261_H-309_B_c3_sym_004,page261_H-309_B_c3,0.28920954,-0.1388776
page261_H-310_B_c0_sym_001,page261_H-310_B_c0,-0.21854623,-0.45131087
page261_H-310_C_c1_sym_001,page261_H-310_C_c1,-0.21854623,-0.45131087
page261_H-312_A_bis_c0_sym_001,page261_H-312_A_bis_c0,-0.94697094,-0.8674647
page261_H-312_A_c0_sym_001,page261_H-312_A_c0,-0.94697094,-0.8674647
page261_H-312_B_c0_sym_001,page261_H-312_B_c0,-0.63802105,-0.7093804
page261_H-313_A_bis_c0_sym_001,page261_H-313_A_bis_c0,1.8365227,1.1111387
page261_H-313_B_bis_c1_sym_001,page261_H-313_B_bis_c1,-0.42796078,-0.58266264
page261_H-315_B_c3_sym_001,page261_H-315_B_c3,-0.63802105,-0.7093804
page261_Z-3_c0_sym_001,page261_Z-3_c0,1.6528758,0.9257367
page261_Z-3_c0_sym_002,page261_Z-3_c0,-0.86345094,-0.7901606
page261_Z-3_c0_sym_003,page261_Z-3_c0,-0.040643357,-0.36049634
page261_Z-3_c0_sym_004,page261_Z-3_c0,0.28920954,-0.1388776
page262_H-316_B_c0_sym_001,page262_H-316_B_c0,2.1354558,1.2738037
page262_H-319_B_c0_sym_001,page262_H-319_B_c0,-0.77979726,-0.79832155
page262_H-320_B_c1_sym_001,page262_H-320_B_c1,-0.8875113,-0.8514342
page262_H-321_A_c2_sym_001,page262_H-321_A_c2,-1.579695,-0.9336455
page262_H-321_B_c0_sym_001,page262_H-321_B_c0,-1.579695,-0.9336455
page262_H-323_B_c0_sym_001,page262_H-323_B_c0,2.1048448,1.3663079
page262_H-324_A_c1_sym_001,page262_H-324_A_c1,0.58292615,0.076309
page262_H-324_A_c1_sym_002,page262_H-324_A_c1,0.8086713,0.24638656
page262_H-324_A_c1_sym_003,page262_H-324_A_c1,0.38646346,-0.075044535
page262_H-324_A_c1_sym_004,page262_H-324_A_c1,2.7236168,1.7686797
page262_H-325_A_c2_sym_001,page262_H-325_A_c2,-1.579695,-0.9336455
page262_H-325_B_c2_sym_001,page262_H-325_B_c2,-1.579695,-0.9336455
page262_H-326_A_c0_sym_001,page262_H-326_A_c0,2.1048448,1.3663079
page262_H-326_B_c0_sym_001,page262_H-326_B_c0,2.7557712,1.8167231
page262_H-328_A_c2_sym_001,page262_H-328_A_c2,-1.579695,-0.9336455
page262_H-328_B_c2_sym_001,page262_H-328_B_c2,-0.9906412,-0.89985377
page263_H-329_A_bis_c1_sym_001,page263_H-329_A_bis_c1,0.09013268,-0.27253726
page263_H-329_A_bis_c1_sym_002,page263_H-329_A_bis_c1,1.4760841,0.81536955
page263_H-329_B_bis_c1_sym_001,page263_H-329_B_bis_c1,0.09013268,-0.27253726
page263_H-329_B_bis_c1_sym_002,page263_H-329_B_bis_c1,1.4760841,0.81536955
page263_H-331_A_bis_c1_sym_001,page263_H-331_A_bis_c1,0.09013268,-0.27253726
page263_H-331_A_bis_c1_sym_002,page263_H-331_A_bis_c1,1.4760841,0.81536955
page263_H-333_A_c0_sym_001,page263_H-333_A_c0,-0.834224,-0.82182175
page263_H-333_A_c0_sym_002,page263_H-333_A_c0,0.1802629,-0.2585667
page263_H-334_A_c2_sym_001,page263_H-334_A_c2,1.7548269,0.9022811
page263_H-334_B_c2_sym_001,page263_H-334_B_c2,1.7548269,0.9022811
page263_H-334_C_c0_sym_001,page263_H-334_C_c0,1.7548269,0.9022811
page264_H-335_A_c0_sym_001,page264_H-335_A_c0,-0.35644045,-0.54929304
page264_H-338_a_c3_sym_001,page264_H-338_a_c3,0.9454993,0.37765923
page264_H-338_b_c3_sym_001,page264_H-338_b_c3,0.9454993,0.37765923
page264_H-339_A_bis_c1_sym_001,page264_H-339_A_bis_c1,2.665362,1.6835641
page264_H-339_A_c0_sym_001,page264_H-339_A_c0,2.0595086,1.3043766
page264_H-339_B_bis_c1_sym_001,page264_H-339_B_bis_c1,0.007995377,-0.35720503
page264_H-339_B_bis_c1_sym_002,page264_H-339_B_bis_c1,2.2249184,1.3468335
page264_H-339_B_c0_sym_001,page264_H-339_B_c0,1.972949,1.2147782
page264_H-339_b_c2_sym_001,page264_H-339_b_c2,2.6954453,1.6947023
page265_H-340_A_c0_sym_001,page265_H-340_A_c0,2.4785907,1.5437266
page265_H-340_B_c0_sym_001,page265_H-340_B_c0,2.4785907,1.5437266
page265_H-341_A_c0_sym_001,page265_H-341_A_c0,2.4495728,1.5201507
page265_H-341_B_c0_sym_001,page265_H-341_B_c0,2.4495728,1.5201507
page265_H-342_B_c2_sym_001,page265_H-342_B_c2,2.6499069,1.6614863
page265_H-343_A_c0_sym_001,page265_H-343_A_c0,2.4495728,1.5201507
page265_H-343_B_c0_sym_001,page265_H-343_B_c0,2.4495728,1.5201507
page266_H-347_a_c2_sym_001,page266_H-347_a_c2,3.4870465,2.351203
page266_H-349_E_c1_sym_001,page266_H-349_E_c1,3.4870465,2.351203
page266_H-350_B_c0_sym_001,page266_H-350_B_c0,3.4870465,2.351203
page266_H-350_c0_sym_001,page266_H-350_c0,1.4049652,0.78851736
page266_H-351_A_c0_sym_001,page266_H-351_A_c0,2.310789,1.4620146
page266_H-351_B_c0_sym_001,page266_H-351_B_c0,2.310789,1.4620146
page266_H-351_C_c0_sym_001,page266_H-351_C_c0,2.310789,1.4620146
page267_H-355_A_c0_sym_001,page267_H-355_A_c0,1.3337178,0.71226984
page267_H-356_A_c1_sym_001,page267_H-356_A_c1,0.7109376,0.29032093
page267_H-356_B_c1_sym_001,page267_H-356_B_c1,1.3341173,0.8008654
page267_H-356_C_c1_sym_001,page267_H-356_C_c1,1.3341173,0.8008654
page267_H-357_A_c0_sym_001,page267_H-357_A_c0,2.0143526,1.2325418
page267_H-357_B_c2_sym_001,page267_H-357_B_c2,2.0143526,1.2325418
page267_H-357_C_c2_sym_001,page267_H-357_C_c2,2.0143526,1.2325418
page267_H-358_A_bis_c1_sym_001,page267_H-358_A_bis_c1,1.837255,1.1126549
page267_H-358_A_c0_sym_001,page267_H-358_A_c0,1.7273402,0.99235445
page267_H-358_B_c0_sym_001,page267_H-358_B_c0,1.837255,1.1126549
page267_H-358_C_c0_sym_001,page267_H-358_C_c0,1.837255,1.1126549
page267_H-359_A_c0_sym_001,page267_H-359_A_c0,1.494787,0.86640495
page267_H-359_a_c1_sym_001,page267_H-359_a_c1,0.980187,0.48682594
page267_H-359_B_c1_sym_001,page267_H-359_B_c1,1.494787,0.86640495
page267_H-359_C_c1_sym_001,page267_H-359_C_c1,1.494787,0.86640495
page267_H-360_A_c0_sym_001,page267_H-360_A_c0,1.7273402,0.99235445
page267_H-360_B_c0_sym_001,page267_H-360_B_c0,1.9698998,1.2135721
page267_H-360_C_c0_sym_001,page267_H-360_C_c0,1.9698998,1.2135721
page267_H-361_A_bis_c2_sym_001,page267_H-361_A_bis_c2,1.8784865,1.1575825
page267_H-361_B_c1_sym_001,page267_H-361_B_c1,1.6289253,0.94815767
page267_H-361_C_c1_sym_001,page267_H-361_C_c1,-0.2851214,-0.49317306
page267_H-362_A_c3_sym_001,page267_H-362_A_c3,1.73476,1.0248281
page267_H-362_B_c2_sym_001,page267_H-362_B_c2,1.7925076,1.1108931
page267_H-362_C_c2_sym_001,page267_H-362_C_c2,1.7925076,1.1108931
page268_H-363_B_bis_c1_sym_001,page268_H-363_B_bis_c1,0.981876,0.46572286
page268_H-365_A_bis_c0_sym_001,page268_H-365_A_bis_c0,0.7612784,0.32057795
page268_H-365_A_c0_sym_001,page268_H-365_A_c0,0.44972116,0.0673893
page268_H-365_A_ter_c1_sym_001,page268_H-365_A_ter_c1,0.60387665,0.21364039
page268_H-366_C_c0_sym_001,page268_H-366_C_c0,0.68528044,0.28748664
page268_H-367_A_c0_sym_001,page268_H-367_A_c0,0.44972116,0.0673893
page268_H-367_B_c0_sym_001,page268_H-367_B_c0,0.44972116,0.0673893
page268_H-367_E_c0_sym_001,page268_H-367_E_c0,0.68528044,0.28748664
page269_H-368_a_c0_sym_001,page269_H-368_a_c0,-0.41179875,-0.596229
page269_H-368_a_c0_sym_002,page269_H-368_a_c0,-0.009841243,-0.3325189
page269_H-369_a_c0_sym_001,page269_H-369_a_c0,-0.41179875,-0.596229
page269_H-369_a_c0_sym_002,page269_H-369_a_c0,-0.009841243,-0.3325189
page269_H-369_E_c1_sym_001,page269_H-369_E_c1,-0.41179875,-0.596229
page269_H-369_E_c1_sym_002,page269_H-369_E_c1,-0.009841243,-0.3325189
page275_L-6_H_c0_sym_001,page275_L-6_H_c0,-1.705736,-0.89769065
page275_S-3_c0_sym_001,page275_S-3_c0,-1.4404668,-1.1682578
page275_S-3_c0_sym_002,page275_S-3_c0,4.587945,3.2651901
page275_S-3_c0_sym_003,page275_S-3_c0,-0.21716632,-0.49007764
page275_S-3_c0_sym_004,page275_S-3_c0,-1.8340688,-1.2006216
page275_S-3_c0_sym_005,page275_S-3_c0,-1.0511119,-1.1195803
page275_S-3_c0_sym_006,page275_S-3_c0,0.39908963,-0.07134948
page275_S-3_c0_sym_007,page275_S-3_c0,-3.3301044,-1.2633014
page275_S-3_c0_sym_008,page275_S-3_c0,-0.6093288,-0.8002016
page275_S-3_c0_sym_009,page275_S-3_c0,-1.3340719,-1.1563836
page275_S-3_c0_sym_010,page275_S-3_c0,2.2741065,1.4527684
page275_S-3_c0_sym_011,page275_S-3_c0,4.1726093,2.9201143
page275_S-3_c0_sym_012,page275_S-3_c0,0.48116952,0.026675394
page275_S-3_c0_sym_013,page275_S-3_c0,-0.68784565,-0.83739763
page275_S-3_c0_sym_014,page275_S-3_c0,-1.0497384,-1.1191828
page275_S-3_c0_sym_015,page275_S-3_c0,0.84876037,0.30598524
page275_S-3_c0_sym_016,page275_S-3_c0,1.7228215,0.8985117
page275_S-3_c0_sym_017,page275_S-3_c0,-0.8058303,-0.80166554
page275_S-3_c0_sym_018,page275_S-3_c0,0.94026566,0.32416746
page275_S-3_c0_sym_019,page275_S-3_c0,-1.2428902,-1.1453701
page275_S-3_c0_sym_020,page275_S-3_c0,0.5758612,0.07922808
page275_S-3_c0_sym_021,page275_S-3_c0,-0.18304601,-0.5044843
page275_S-3_c0_sym_022,page275_S-3_c0,-0.6551998,-0.70690364
page275_S-3_c0_sym_023,page275_S-3_c0,-1.3559755,-1.1532884
page275_S-3_c0_sym_024,page275_S-3_c0,-1.0517008,-1.1195755
page275_S-3_c0_sym_025,page275_S-3_c0,-1.6189926,-1.1985302
page275_S-3_c0_sym_026,page275_S-3_c0,-2.2377255,-1.3244716
page275_S-3_c0_sym_027,page275_S-3_c0,-0.18589978,-0.5142746
page275_S-3_c0_sym_028,page275_S-3_c0,-0.4249443,-0.60786647
page275_S-3_c0_sym_029,page275_S-3_c0,-0.83121055,-0.96903616
page275_S-3_c0_sym_030,page275_S-3_c0,-0.84842855,-0.8567811
page275_S-3_c0_sym_031,page275_S-3_c0,-1.468518,-1.1714073
page275_S-3_c0_sym_032,page275_S-3_c0,-1.4376733,-1.1680237
page275_S-3_c0_sym_033,page275_S-3_c0,-3.1923625,-1.2643774
page275_S-3_c0_sym_034,page275_S-3_c0,-3.153945,-1.3012658
page275_S-3_c0_sym_035,page275_S-3_c0,-1.4079052,-1.1392612
page275_S-3_c0_sym_036,page275_S-3_c0,-1.333728,-1.1563237
page275_S-3_c0_sym_037,page275_S-3_c0,-2.0449426,-1.1182716
page275_S-3_c0_sym_038,page275_S-3_c0,-3.0094101,-1.2421788
page275_S-3_c0_sym_039,page275_S-3_c0,-1.8063823,-1.1936383
page275_S-3_c0_sym_040,page275_S-3_c0,-3.0920177,-1.3031658
page275_S-3_c0_sym_041,page275_S-3_c0,-3.0979552,-1.3032941
page275_S-3_c0_sym_042,page275_S-3_c0,-3.0717878,-1.299324
page275_S-3_c0_sym_043,page275_S-3_c0,-2.9472373,-1.1966395
page275_S-3_c0_sym_044,page275_S-3_c0,-3.1675997,-1.2535508
page275_S-3_c0_sym_045,page275_S-3_c0,-1.020878,-1.1147479
page276_E-4_a_c0_sym_001,page276_E-4_a_c0,0.18878008,-0.2298933
page276_L-9_a_c0_sym_001,page276_L-9_a_c0,0.18878008,-0.2298933
page278_L-14_B_c0_sym_001,page278_L-14_B_c0,4.29743,2.9857867
page278_L-15_a_c0_sym_001,page278_L-15_a_c0,-3.1110332,-1.3286383
page278_L-4_E_c1_sym_001,page278_L-4_E_c1,4.29743,2.9857867
page279_L-19_a_c0_sym_001,page279_L-19_a_c0,4.8075786,3.3679445
page279_L-21_a_c1_sym_001,page279_L-21_a_c1,4.6186023,3.1980824
page280_L-22_c0_sym_001,page280_L-22_c0,-0.9063129,-0.81987476
page280_L-22_c0_sym_002,page280_L-22_c0,5.0783057,3.588972
page280_L-24_a_c0_sym_001,page280_L-24_a_c0,-0.9063129,-0.81987476
page280_L-24_a_c0_sym_002,page280_L-24_a_c0,5.0783057,3.588972
page280_L-26_A_c0_sym_001,page280_L-26_A_c0,-0.78975767,-0.80265135
page281_L-28_A_c0_sym_001,page281_L-28_A_c0,-1.196116,-0.93148834
page281_L-28_A_c0_sym_002,page281_L-28_A_c0,0.10870294,-0.25820222
page281_L-28_A_c0_sym_003,page281_L-28_A_c0,-0.79368186,-0.76264256
page281_L-30_a_c0_sym_001,page281_L-30_a_c0,-1.196116,-0.93148834
page281_L-30_a_c0_sym_002,page281_L-30_a_c0,0.10870294,-0.25820222
page281_L-30_a_c0_sym_003,page281_L-30_a_c0,-0.79368186,-0.76264256
page281_L-30_A_c3_sym_001,page281_L-30_A_c3,-1.196116,-0.93148834
page281_L-30_A_c3_sym_002,page281_L-30_A_c3,0.10870294,-0.25820222
page281_L-30_A_c3_sym_003,page281_L-30_A_c3,-0.79368186,-0.76264256
page281_O-4_c1_sym_001,page281_O-4_c1,-1.196116,-0.93148834
page281_O-4_c1_sym_002,page281_O-4_c1,0.10870294,-0.25820222
page281_O-4_c1_sym_003,page281_O-4_c1,-0.79368186,-0.76264256
page282_L-31_a_c0_sym_001,page282_L-31_a_c0,-0.5233014,-0.64866346
page282_L-33_A_c2_sym_001,page282_L-33_A_c2,-0.10213243,-0.37818548
page282_L-33_A_c2_sym_002,page282_L-33_A_c2,2.5207787,1.5794973
page282_L-36_A_c0_sym_001,page282_L-36_A_c0,0.1654134,-0.22503768
page282_L-36_A_c0_sym_002,page282_L-36_A_c0,5.669378,4.0662174
page282_L-37_A_c0_sym_001,page282_L-37_A_c0,-0.9057978,-0.84473157
page282_L-39_A_c0_sym_001,page282_L-39_A_c0,-0.9057978,-0.84473157
page282_L-3_I_c0_sym_001,page282_L-3_I_c0,3.3665998,2.231159
page282_L-40_A_c2_sym_001,page282_L-40_A_c2,0.1654134,-0.22503768
page282_L-40_A_c2_sym_002,page282_L-40_A_c2,5.669378,4.0662174
page283_L-41_B_c0_sym_001,page283_L-41_B_c0,4.0488195,2.7681184
page283_L-42_Z_c0_sym_001,page283_L-42_Z_c0,4.843249,3.409148
page283_L-44_C_c1_sym_001,page283_L-44_C_c1,-0.019961895,-0.35775882
page283_L-44_C_c1_sym_002,page283_L-44_C_c1,1.6300384,0.8229664
page283_L-44_C_c1_sym_003,page283_L-44_C_c1,1.081746,0.46467376
page283_L-44_C_c1_sym_004,page283_L-44_C_c1,3.2570095,2.1766512
page283_L-44_C_c1_sym_005,page283_L-44_C_c1,1.0059057,0.5085487
page283_L-44_E_c2_sym_001,page283_L-44_E_c2,4.613132,3.2727385
page284_L-45_a_c0_sym_001,page284_L-45_a_c0,-0.5326548,-0.7479081
page284_L-45_a_c0_sym_002,page284_L-45_a_c0,-0.8464215,-0.86071837
page284_L-46_a_c1_sym_001,page284_L-46_a_c1,-0.5326548,-0.7479081
page284_L-46_a_c1_sym_002,page284_L-46_a_c1,-0.8464215,-0.86071837
page285_L-50_a_c0_sym_001,page285_L-50_a_c0,1.1144669,0.457221
page285_L-50_a_c0_sym_002,page285_L-50_a_c0,-3.630383,-1.3341129
page285_L-51_B_c0_sym_001,page285_L-51_B_c0,1.1144669,0.457221
page285_L-51_B_c0_sym_002,page285_L-51_B_c0,-3.630383,-1.3341129
page286_L-53_a_c2_sym_001,page286_L-53_a_c2,-0.8125679,-0.8464415
page286_L-54_a_c2_sym_001,page286_L-54_a_c2,-0.8125679,-0.8464415
page286_L-55_B_c0_sym_001,page286_L-55_B_c0,4.0461307,2.8105166
page286_L-55_B_c0_sym_002,page286_L-55_B_c0,1.2586825,0.67725855
page286_L-55_B_c0_sym_003,page286_L-55_B_c0,0.76362497,0.21281147
page286_L-55_B_c0_sym_004,page286_L-55_B_c0,0.8917861,0.35745096
page286_L-55_B_c0_sym_005,page286_L-55_B_c0,1.5276423,0.77330714
page286_L-55_B_c0_sym_006,page286_L-55_B_c0,0.9398427,0.36798897
page286_L-55_B_c0_sym_007,page286_L-55_B_c0,1.279084,0.6202619
page286_L-55_B_c0_sym_008,page286_L-55_B_c0,0.34668556,-0.06939355
page286_L-55_B_c0_sym_009,page286_L-55_B_c0,1.4904155,0.7427215
page286_L-55_B_c0_sym_010,page286_L-55_B_c0,0.17537697,-0.16367622
page286_L-55_B_c0_sym_011,page286_L-55_B_c0,-0.22086419,-0.4512448
page286_L-55_B_c0_sym_012,page286_L-55_B_c0,1.107078,0.41942513
page286_L-55_B_c0_sym_013,page286_L-55_B_c0,0.75094175,0.18511668
page286_L-55_B_c0_sym_014,page286_L-55_B_c0,0.31379354,-0.106886566
page286_L-55_B_c0_sym_015,page286_L-55_B_c0,1.0315024,0.38132614
page286_L-55_B_c0_sym_016,page286_L-55_B_c0,1.0253395,0.38203353
page286_S-5_c0_sym_001,page286_S-5_c0,-0.8125679,-0.8464415
page287_L-56_a_c1_sym_001,page287_L-56_a_c1,-0.8365396,-0.74227977
page287_L-57_D_c0_sym_001,page287_L-57_D_c0,-0.8365396,-0.74227977
page287_L-59_B_c0_sym_001,page287_L-59_B_c0,-0.14887527,-0.3115806
page287_L-59_B_c0_sym_002,page287_L-59_B_c0,0.877471,0.3605934
page287_L-59_E_c1_sym_001,page287_L-59_E_c1,-0.8365396,-0.74227977
page287_L-5_S_c0_sym_001,page287_L-5_S_c0,-0.8365396,-0.74227977
page287_L-60_A_bis_c1_sym_001,page287_L-60_A_bis_c1,-0.14887527,-0.3115806
page287_L-60_A_bis_c1_sym_002,page287_L-60_A_bis_c1,0.877471,0.3605934
page289_L-63_A_c0_sym_001,page289_L-63_A_c0,0.82879853,0.24132012
page289_L-65_A_c0_sym_001,page289_L-65_A_c0,0.82879853,0.24132012
page289_L-65_C_c0_sym_001,page289_L-65_C_c0,2.9800305,1.962197
page290_L-66_A_bis_c1_sym_001,page290_L-66_A_bis_c1,-1.1474179,-0.9895048
page290_L-66_c0_sym_001,page290_L-66_c0,-0.64395463,-0.82420486
page290_L-66_D_c1_sym_001,page290_L-66_D_c1,-0.64395463,-0.82420486
page290_L-66_E_c2_sym_001,page290_L-66_E_c2,-1.1474179,-0.9895048
page290_L-66_F_c3_sym_001,page290_L-66_F_c3,1.4249512,0.7935758
page291_L-67_A_c0_sym_001,page291_L-67_A_c0,-4.537264,-1.6000011
page291_L-67_B_c0_sym_001,page291_L-67_B_c0,-4.537264,-1.6000011
page291_L-68_A_c0_sym_001,page291_L-68_A_c0,-4.537264,-1.6000011
page291_L-68_E_c0_sym_001,page291_L-68_E_c0,-4.537264,-1.6000011
page292_L-73_A_c2_sym_001,page292_L-73_A_c2,-0.76872396,-0.7572105
page292_L-73_A_c2_sym_002,page292_L-73_A_c2,-0.24809216,-0.4867415
page292_L-73_a_c3_sym_001,page292_L-73_a_c3,1.3853444,0.6032148
page292_L-73_B_c4_sym_001,page292_L-73_B_c4,4.539619,3.103457
page292_L-75_a_c2_sym_001,page292_L-75_a_c2,1.3853444,0.6032148
page292_L-76_a_c1_sym_001,page292_L-76_a_c1,-0.63884985,-0.7331288
page292_L-76_a_c1_sym_002,page292_L-76_a_c1,-0.40347737,-0.5897697
page292_L-77_a_c3_sym_001,page292_L-77_a_c3,1.3853444,0.6032148
page293_L-78_A_c0_sym_001,page293_L-78_A_c0,-0.13030691,-0.4593305
page293_L-78_A_c0_sym_002,page293_L-78_A_c0,2.085643,1.3196915
page293_L-79_A_bis_c1_sym_001,page293_L-79_A_bis_c1,0.5585517,0.034668244
page293_L-79_A_bis_c1_sym_002,page293_L-79_A_bis_c1,1.2292993,0.749249
page293_L-79_A_c0_sym_001,page293_L-79_A_c0,-0.13030691,-0.4593305
page293_L-79_A_c0_sym_002,page293_L-79_A_c0,2.085643,1.3196915
page293_L-79_B_c1_sym_001,page293_L-79_B_c1,2.566532,1.7367787
page293_L-79_E_c1_sym_001,page293_L-79_E_c1,2.566532,1.7367787
page293_L-79_F_c0_sym_001,page293_L-79_F_c0,0.5585517,0.034668244
page293_L-79_F_c0_sym_002,page293_L-79_F_c0,1.2292993,0.749249
page294_L-82_a_c1_sym_001,page294_L-82_a_c1,-0.46910283,-0.49454516
page294_L-86_a_c2_sym_001,page294_L-86_a_c2,-0.46910283,-0.49454516
page295_L-87_E_c0_sym_001,page295_L-87_E_c0,0.920145,0.43171242
page295_L-88_a_c0_sym_001,page295_L-88_a_c0,-0.678187,-0.7307473
page295_L-88_a_c0_sym_002,page295_L-88_a_c0,-0.83319616,-0.7696265
page295_L-88_a_c0_sym_003,page295_L-88_a_c0,-1.2470827,-0.9205618
page295_L-88_A_c1_sym_001,page295_L-88_A_c1,-0.678187,-0.7307473
page295_L-88_A_c1_sym_002,page295_L-88_A_c1,-0.83319616,-0.7696265
page295_L-88_A_c1_sym_003,page295_L-88_A_c1,-1.2470827,-0.9205618
page295_L-89_A_c0_sym_001,page295_L-89_A_c0,-3.400078,-1.3190289
page295_L-89_A_c0_sym_002,page295_L-89_A_c0,-3.3236623,-1.2900889
page295_L-89_A_c0_sym_003,page295_L-89_A_c0,-3.4074132,-1.2927486
page295_L-90_A_c1_sym_001,page295_L-90_A_c1,0.5891728,0.061904885
page295_L-90_A_c1_sym_002,page295_L-90_A_c1,-1.1829087,-0.7986897
page295_L-90_A_c1_sym_003,page295_L-90_A_c1,-0.5012391,-0.6002451
page295_L-92_A_bis_c1_sym_001,page295_L-92_A_bis_c1,-3.400078,-1.3190289
page295_L-92_A_bis_c1_sym_002,page295_L-92_A_bis_c1,-3.3236623,-1.2900889
page295_L-92_A_bis_c1_sym_003,page295_L-92_A_bis_c1,-3.4074132,-1.2927486
page295_L-92_A_c0_sym_001,page295_L-92_A_c0,-3.400078,-1.3190289
page295_L-92_A_c0_sym_002,page295_L-92_A_c0,-3.3236623,-1.2900889
page295_L-92_A_c0_sym_003,page295_L-92_A_c0,-3.4074132,-1.2927486
page295_L-92_E_c0_sym_001,page295_L-92_E_c0,-3.400078,-1.3190289
page295_L-92_E_c0_sym_002,page295_L-92_E_c0,-3.3236623,-1.2900889
page295_L-92_E_c0_sym_003,page295_L-92_E_c0,-3.4074132,-1.2927486
page295_L-93_a_c0_sym_001,page295_L-93_a_c0,-0.7171438,-0.7709616
page295_L-93_A_c2_sym_001,page295_L-93_A_c2,-0.7171438,-0.7709616
page295_L-93_E_c1_sym_001,page295_L-93_E_c1,-1.1084565,-0.9427354
page295_L-94_a_c1_sym_001,page295_L-94_a_c1,-1.1084565,-0.9427354
page295_L-94_A_c4_sym_001,page295_L-94_A_c4,-1.1084565,-0.9427354
page296_L-96_B_c0_sym_001,page296_L-96_B_c0,-0.6375064,-0.6244546
page297_L-100_a_c1_sym_001,page297_L-100_a_c1,2.0689497,1.2741308
page297_L-99_a_c1_sym_001,page297_L-99_a_c1,2.0689497,1.2741308
page297_L-9_B_c2_sym_001,page297_L-9_B_c2,-5.840109,0.033954196
page298_L-101_B_c1_sym_001,page298_L-101_B_c1,-0.7882328,-0.7643132
page298_L-101_C_c0_sym_001,page298_L-101_C_c0,0.41977972,0.14529908
page298_L-102_D_c2_sym_001,page298_L-102_D_c2,-0.7882328,-0.7643132
page298_L-102_E_c0_sym_001,page298_L-102_E_c0,-0.7882328,-0.7643132
page298_L-103_A_c0_sym_001,page298_L-103_A_c0,-0.8143624,-0.84249383
page298_L-103_A_c0_sym_002,page298_L-103_A_c0,0.55803126,0.11957154
page298_L-103_A_c0_sym_003,page298_L-103_A_c0,-0.8194761,-0.9455591
page298_L-103_A_c0_sym_004,page298_L-103_A_c0,0.4261102,0.001204911
page298_L-103_A_c0_sym_005,page298_L-103_A_c0,-1.2963369,-1.141885
page298_L-103_A_c0_sym_006,page298_L-103_A_c0,0.11473534,-0.1378364
page298_L-103_A_c0_sym_007,page298_L-103_A_c0,-4.4516892,-0.7280981
page298_L-103_A_c0_sym_008,page298_L-103_A_c0,0.6825975,0.15876707
page298_L-103_A_c0_sym_009,page298_L-103_A_c0,3.0784068,2.074212
page298_L-103_a_c1_sym_001,page298_L-103_a_c1,-0.5544982,-0.67283297
page298_L-103_B_c0_sym_001,page298_L-103_B_c0,-0.3592094,-0.6057279
page298_L-103_c0_sym_001,page298_L-103_c0,-0.7882328,-0.7643132
page298_L-103_E_c0_sym_001,page298_L-103_E_c0,-0.3592094,-0.6057279
page299_L-104_B_c1_sym_001,page299_L-104_B_c1,-0.41713804,-0.5859041
page299_L-105_B_c0_sym_001,page299_L-105_B_c0,-0.41713804,-0.5859041
page299_L-105_E_c2_sym_001,page299_L-105_E_c2,-0.41713804,-0.5859041
page299_L-106_A_c0_sym_001,page299_L-106_A_c0,-0.39433032,-0.452218
page299_L-106_B_c1_sym_001,page299_L-106_B_c1,-0.41713804,-0.5859041
page299_L-106_C_c0_sym_001,page299_L-106_C_c0,-0.41713804,-0.5859041
page299_L-106_D_c2_sym_001,page299_L-106_D_c2,-0.41713804,-0.5859041
page299_L-1_c1_sym_001,page299_L-1_c1,-0.39433032,-0.452218
page300_L-107_A_c0_sym_001,page300_L-107_A_c0,2.9440973,1.9523468
page300_L-108_A_c0_sym_001,page300_L-108_A_c0,-0.32972693,-0.56648123
page300_L-108_A_c0_sym_002,page300_L-108_A_c0,2.9623814,1.9820005
page300_L-108_A_c0_sym_003,page300_L-108_A_c0,-1.1890823,-1.1385423
page300_L-108_A_c0_sym_004,page300_L-108_A_c0,-0.28823757,-0.5786774
page300_L-108_A_c0_sym_005,page300_L-108_A_c0,-1.0549601,-1.0600924
page300_L-108_A_c0_sym_006,page300_L-108_A_c0,0.25670707,-0.14882886
page300_L-108_A_c0_sym_007,page300_L-108_A_c0,0.40292725,-0.06352562
page300_L-108_A_c0_sym_008,page300_L-108_A_c0,1.4020102,0.67281705
page300_L-108_A_c0_sym_009,page300_L-108_A_c0,-1.0512346,-1.1053512
page300_L-108_A_c0_sym_010,page300_L-108_A_c0,-1.1811582,-1.1167787
page300_L-108_A_c0_sym_011,page300_L-108_A_c0,-0.12632822,-0.42195877
page300_L-108_A_c0_sym_012,page300_L-108_A_c0,-0.26489243,-0.4019585
page300_L-108_A_c0_sym_013,page300_L-108_A_c0,0.22795284,-0.1836098
page300_L-108_A_c0_sym_014,page300_L-108_A_c0,1.0461836,0.43025964
page300_L-108_A_c0_sym_015,page300_L-108_A_c0,-0.48959616,-0.7052839
page300_L-108_A_c0_sym_016,page300_L-108_A_c0,-1.3006111,-1.143404
page300_L-108_A_c0_sym_017,page300_L-108_A_c0,-0.60374665,-0.7567902
page300_L-108_A_c0_sym_018,page300_L-108_A_c0,1.1520114,0.5121
page300_L-108_A_c0_sym_019,page300_L-108_A_c0,-0.14242442,-0.4565038
page300_L-108_A_c0_sym_020,page300_L-108_A_c0,1.4249274,0.7118756
page300_L-108_A_c0_sym_021,page300_L-108_A_c0,-0.64742845,-0.74867755
page300_L-108_A_c0_sym_022,page300_L-108_A_c0,0.8357528,0.26681682
page300_L-108_A_c0_sym_023,page300_L-108_A_c0,-0.86448354,-0.9500174
page300_L-108_A_c0_sym_024,page300_L-108_A_c0,-1.3156704,-1.1511371
page300_L-108_A_c0_sym_025,page300_L-108_A_c0,-1.027262,-1.1157757
page300_L-108_A_c0_sym_026,page300_L-108_A_c0,0.38170052,-0.0638254
page300_L-108_A_c0_sym_027,page300_L-108_A_c0,-0.6091319,-0.8096592
page300_L-108_a_c2_sym_001,page300_L-108_a_c2,-1.1402466,-1.1319643
page300_L-108_a_c2_sym_002,page300_L-108_a_c2,-1.9804364,-1.2183083
page300_L-108_B_c1_sym_001,page300_L-108_B_c1,-0.40501767,-0.5813439
page300_L-109_A_c0_sym_001,page300_L-109_A_c0,-0.10841669,-0.4035286
page300_L-109_A_c0_sym_002,page300_L-109_A_c0,-0.9114437,-0.9969414
page300_L-109_A_c0_sym_003,page300_L-109_A_c0,-0.43588442,-0.6379669
page300_L-109_A_c0_sym_004,page300_L-109_A_c0,0.7389302,0.23154941
page300_L-109_A_c0_sym_005,page300_L-109_A_c0,-0.49435908,-0.69704217
page300_L-109_A_c0_sym_006,page300_L-109_A_c0,-1.4577793,-1.1696036
page300_L-109_A_c0_sym_007,page300_L-109_A_c0,4.4973097,3.1433046
page300_L-109_A_c0_sym_008,page300_L-109_A_c0,0.1801048,-0.22942437
page300_L-109_A_c0_sym_009,page300_L-109_A_c0,2.0401382,1.189566
page300_L-109_A_c0_sym_010,page300_L-109_A_c0,0.19068897,-0.26324245
page300_L-109_A_c0_sym_011,page300_L-109_A_c0,0.9439113,0.37386748
page300_L-109_A_c0_sym_012,page300_L-109_A_c0,-0.41987717,-0.5884801
page300_L-109_A_c0_sym_013,page300_L-109_A_c0,2.3057585,1.4957563
page300_L-109_A_c0_sym_014,page300_L-109_A_c0,0.3752938,-0.08809611
page300_L-109_A_c0_sym_015,page300_L-109_A_c0,-0.6911157,-0.83338624
page300_L-109_A_c0_sym_016,page300_L-109_A_c0,-0.78858143,-0.9176887
page300_L-109_A_c0_sym_017,page300_L-109_A_c0,-0.4042831,-0.63416964
page300_L-109_A_c0_sym_018,page300_L-109_A_c0,2.0273373,1.172908
page300_L-109_A_c0_sym_019,page300_L-109_A_c0,-1.4442806,-1.1687
page300_L-109_A_c0_sym_020,page300_L-109_A_c0,0.75687677,0.1910453
page300_L-109_A_c0_sym_021,page300_L-109_A_c0,-3.0142863,-1.2937167
page300_L-109_A_c0_sym_022,page300_L-109_A_c0,-1.4436027,-1.1686635
page300_L-109_A_c0_sym_023,page300_L-109_A_c0,-0.062896594,-0.3997083
page300_L-109_A_c0_sym_024,page300_L-109_A_c0,-0.15579025,-0.45159563
page300_L-109_A_c0_sym_025,page300_L-109_A_c0,-1.0697023,-1.0349501
page300_L-109_A_c0_sym_026,page300_L-109_A_c0,-0.17783225,-0.4461195
page300_L-109_A_c0_sym_027,page300_L-109_A_c0,0.31021714,0.003127503
page300_L-109_A_c0_sym_028,page300_L-109_A_c0,-0.9311737,-1.0176152
page300_L-109_A_c0_sym_029,page300_L-109_A_c0,-1.4676899,-1.1713002
page300_L-109_A_c0_sym_030,page300_L-109_A_c0,1.5532299,0.77577984
page300_L-109_A_c0_sym_031,page300_L-109_A_c0,-3.0459323,-1.2973263
page300_L-109_A_c0_sym_032,page300_L-109_A_c0,-1.0226156,-1.1150298
page300_L-109_A_c0_sym_033,page300_L-109_A_c0,-3.780237,-1.3054687
page300_L-109_A_c0_sym_034,page300_L-109_A_c0,-1.4470841,-1.168994
page300_L-109_A_c0_sym_035,page300_L-109_A_c0,-1.0226156,-1.1150298
page300_L-109_A_c0_sym_036,page300_L-109_A_c0,-1.7273085,-1.1974359
page300_L-109_A_c0_sym_037,page300_L-109_A_c0,-2.9703043,-1.2867575
page300_L-109_A_c0_sym_038,page300_L-109_A_c0,-1.0226156,-1.1150298
page300_L-109_A_c0_sym_039,page300_L-109_A_c0,-1.465303,-1.1696719
page300_L-109_A_c0_sym_040,page300_L-109_A_c0,-1.737496,-1.1981456
page300_L-109_A_c0_sym_041,page300_L-109_A_c0,-1.0226156,-1.1150298
page300_L-109_A_c0_sym_042,page300_L-109_A_c0,-2.9363885,-1.2847661
page300_L-109_A_c0_sym_043,page300_L-109_A_c0,-6.1098213,2.539916
page300_L-109_A_c0_sym_044,page300_L-109_A_c0,-3.4950533,-0.70045555
page300_L-109_a_c1_sym_001,page300_L-109_a_c1,-4.504086,-1.6359059
page300_L-109_a_c1_sym_002,page300_L-109_a_c1,-5.977812,0.31632924
page300_L-109_B_c0_sym_001,page300_L-109_B_c0,-4.504086,-1.6359059
page300_L-109_B_c0_sym_002,page300_L-109_B_c0,-5.977812,0.31632924
page300_L-109_C_c0_sym_001,page300_L-109_C_c0,-0.10841669,-0.4035286
page300_L-109_C_c0_sym_002,page300_L-109_C_c0,-0.9114437,-0.9969414
page300_L-109_C_c0_sym_003,page300_L-109_C_c0,-0.43588442,-0.6379669
page300_L-109_C_c0_sym_004,page300_L-109_C_c0,0.7389302,0.23154941
page300_L-109_C_c0_sym_005,page300_L-109_C_c0,-0.49435908,-0.69704217
page300_L-109_C_c0_sym_006,page300_L-109_C_c0,-1.4577793,-1.1696036
page300_L-109_C_c0_sym_007,page300_L-109_C_c0,4.4973097,3.1433046
page300_L-109_C_c0_sym_008,page300_L-109_C_c0,0.1801048,-0.22942437
page300_L-109_C_c0_sym_009,page300_L-109_C_c0,2.0401382,1.189566
page300_L-109_C_c0_sym_010,page300_L-109_C_c0,0.19068897,-0.26324245
page300_L-109_C_c0_sym_011,page300_L-109_C_c0,0.9439113,0.37386748
page300_L-109_C_c0_sym_012,page300_L-109_C_c0,-0.41987717,-0.5884801
page300_L-109_C_c0_sym_013,page300_L-109_C_c0,2.3057585,1.4957563
page300_L-109_C_c0_sym_014,page300_L-109_C_c0,0.3752938,-0.08809611
page300_L-109_C_c0_sym_015,page300_L-109_C_c0,-0.6911157,-0.83338624
page300_L-109_C_c0_sym_016,page300_L-109_C_c0,-0.78858143,-0.9176887
page300_L-109_C_c0_sym_017,page300_L-109_C_c0,-0.4042831,-0.63416964
page300_L-109_C_c0_sym_018,page300_L-109_C_c0,2.0273373,1.172908
page300_L-109_C_c0_sym_019,page300_L-109_C_c0,-1.4442806,-1.1687
page300_L-109_C_c0_sym_020,page300_L-109_C_c0,0.75687677,0.1910453
page300_L-109_C_c0_sym_021,page300_L-109_C_c0,-3.0142863,-1.2937167
page300_L-109_C_c0_sym_022,page300_L-109_C_c0,-1.4436027,-1.1686635
page300_L-109_C_c0_sym_023,page300_L-109_C_c0,-0.062896594,-0.3997083
page300_L-109_C_c0_sym_024,page300_L-109_C_c0,-0.15579025,-0.45159563
page300_L-109_C_c0_sym_025,page300_L-109_C_c0,-1.0697023,-1.0349501
page300_L-109_C_c0_sym_026,page300_L-109_C_c0,-0.17783225,-0.4461195
page300_L-109_C_c0_sym_027,page300_L-109_C_c0,0.31021714,0.003127503
page300_L-109_C_c0_sym_028,page300_L-109_C_c0,-0.9311737,-1.0176152
page300_L-109_C_c0_sym_029,page300_L-109_C_c0,-1.4676899,-1.1713002
page300_L-109_C_c0_sym_030,page300_L-109_C_c0,1.5532299,0.77577984
page300_L-109_C_c0_sym_031,page300_L-109_C_c0,-3.0459323,-1.2973263
page300_L-109_C_c0_sym_032,page300_L-109_C_c0,-1.0226156,-1.1150298
page300_L-109_C_c0_sym_033,page300_L-109_C_c0,-3.780237,-1.3054687
page300_L-109_C_c0_sym_034,page300_L-109_C_c0,-1.4470841,-1.168994
page300_L-109_C_c0_sym_035,page300_L-109_C_c0,-1.0226156,-1.1150298
page300_L-109_C_c0_sym_036,page300_L-109_C_c0,-1.7273085,-1.1974359
page300_L-109_C_c0_sym_037,page300_L-109_C_c0,-2.9703043,-1.2867575
page300_L-109_C_c0_sym_038,page300_L-109_C_c0,-1.0226156,-1.1150298
page300_L-109_C_c0_sym_039,page300_L-109_C_c0,-1.465303,-1.1696719
page300_L-109_C_c0_sym_040,page300_L-109_C_c0,-1.737496,-1.1981456
page300_L-109_C_c0_sym_041,page300_L-109_C_c0,-1.0226156,-1.1150298
page300_L-109_C_c0_sym_042,page300_L-109_C_c0,-2.9363885,-1.2847661
page300_L-109_C_c0_sym_043,page300_L-109_C_c0,-6.1098213,2.539916
page300_L-109_C_c0_sym_044,page300_L-109_C_c0,-3.4950533,-0.70045555
page301_L-1123_L_c0_sym_001,page301_L-1123_L_c0,-0.97407204,-1.0407944
page301_L-1123_L_c0_sym_002,page301_L-1123_L_c0,-1.2513398,-1.1464473
page301_L-1123_L_c0_sym_003,page301_L-1123_L_c0,1.8139167,1.1362638
page301_L-2_A_c0_sym_001,page301_L-2_A_c0,-0.97407204,-1.0407944
page301_L-2_A_c0_sym_002,page301_L-2_A_c0,-1.2513398,-1.1464473
page301_L-2_A_c0_sym_003,page301_L-2_A_c0,1.8139167,1.1362638
page302_L-113_c0_sym_001,page302_L-113_c0,4.565036,3.2272902
page302_L-116_C_c0_sym_001,page302_L-116_C_c0,1.1505822,0.6367212
page302_L-116_E_c0_sym_001,page302_L-116_E_c0,-0.94847566,-0.89840806
page302_L-1_I_c0_sym_001,page302_L-1_I_c0,1.379161,0.8489617
page303_L-118_F_c0_sym_001,page303_L-118_F_c0,-0.6438524,-0.68613195
page303_L-120_c0_sym_001,page303_L-120_c0,1.0845594,0.38786572
page304_L-123_a_c1_sym_001,page304_L-123_a_c1,3.8127458,2.5704699
page304_L-124_B_c1_sym_001,page304_L-124_B_c1,3.8127458,2.5704699
page305_L-127_A_c0_sym_001,page305_L-127_A_c0,-2.8048642,-1.0491858
page305_L-127_A_c0_sym_002,page305_L-127_A_c0,3.934875,2.7113693
page309_L-146_A_c0_sym_001,page309_L-146_A_c0,-1.3364094,-1.1566571
page309_L-146_A_c0_sym_002,page309_L-146_A_c0,-1.4765939,-1.1722761
page309_L-146_A_c0_sym_003,page309_L-146_A_c0,-1.2570169,-1.1471536
page312_L-162_A_c0_sym_001,page312_L-162_A_c0,0.12667876,-0.22995083
page312_L-162_A_c0_sym_002,page312_L-162_A_c0,0.2089941,-0.19168732
page312_L-162_A_c0_sym_003,page312_L-162_A_c0,-0.03680533,-0.23049852
page312_L-162_A_c0_sym_004,page312_L-162_A_c0,0.94192314,0.3230056
page312_L-162_A_c0_sym_005,page312_L-162_A_c0,4.241985,2.955251
page313_L-165_A_c0_sym_001,page313_L-165_A_c0,-1.0312713,-1.1163582
page313_L-165_A_c0_sym_002,page313_L-165_A_c0,-1.0219885,-1.114925
page313_L-167_A_c1_sym_001,page313_L-167_A_c1,-1.0312713,-1.1163582
page313_L-167_A_c1_sym_002,page313_L-167_A_c1,-1.0219885,-1.114925
page315_L-174_c0_sym_001,page315_L-174_c0,4.0726743,2.828433
page315_L-176_A_bis_c0_sym_001,page315_L-176_A_bis_c0,3.032396,2.0046809
page315_L-176_A_c0_sym_001,page315_L-176_A_c0,4.0726743,2.828433
page316_L-177_A_bis_c0_sym_001,page316_L-177_A_bis_c0,2.6826196,1.7504176
page316_L-178_A_bis_c0_sym_001,page316_L-178_A_bis_c0,0.13633072,-0.28576627
page316_L-180_A_c0_sym_001,page316_L-180_A_c0,0.13633072,-0.28576627
page316_M-7_c0_sym_001,page316_M-7_c0,2.6826196,1.7504176
page319_L-191_A_c0_sym_001,page319_L-191_A_c0,0.8637499,0.30841866
page319_L-191_A_c0_sym_002,page319_L-191_A_c0,0.09547446,-0.16312975
page321_L-203_A_c0_sym_001,page321_L-203_A_c0,-1.0435932,-1.1182135
page321_L-203_A_c0_sym_002,page321_L-203_A_c0,-1.044959,-1.1184161
page321_L-203_A_c0_sym_003,page321_L-203_A_c0,-1.4203793,-1.1661035
page322_L-204_A_c0_sym_001,page322_L-204_A_c0,-1.1340609,-1.0092058
page322_L-205_A_c0_sym_001,page322_L-205_A_c0,-1.1340609,-1.0092058
page324_L-210_A_c0_sym_001,page324_L-210_A_c0,0.23550464,-0.18332724
page324_L-210_A_c0_sym_002,page324_L-210_A_c0,-2.7875688,-1.2826349
page324_L-210_A_c0_sym_003,page324_L-210_A_c0,-2.7875688,-1.2826349
page324_L-210_A_c0_sym_004,page324_L-210_A_c0,0.5213371,0.03083459
page324_L-210_A_c0_sym_005,page324_L-210_A_c0,-1.024942,-1.1153685
page324_L-210_A_c0_sym_006,page324_L-210_A_c0,0.8113047,0.22182488
page324_L-210_A_c0_sym_007,page324_L-210_A_c0,-1.0200725,-1.1146172
page324_L-210_A_c0_sym_008,page324_L-210_A_c0,-1.0200725,-1.1146172
page324_L-210_A_c0_sym_009,page324_L-210_A_c0,-2.948453,-1.2889616
page324_L-212_c0_sym_001,page324_L-212_c0,0.23550464,-0.18332724
page324_L-212_c0_sym_002,page324_L-212_c0,-2.7875688,-1.2826349
page324_L-212_c0_sym_003,page324_L-212_c0,-2.7875688,-1.2826349
page324_L-212_c0_sym_004,page324_L-212_c0,0.5213371,0.03083459
page324_L-212_c0_sym_005,page324_L-212_c0,-1.024942,-1.1153685
page324_L-212_c0_sym_006,page324_L-212_c0,0.8113047,0.22182488
page324_L-212_c0_sym_007,page324_L-212_c0,-1.0200725,-1.1146172
page324_L-212_c0_sym_008,page324_L-212_c0,-1.0200725,-1.1146172
page324_L-212_c0_sym_009,page324_L-212_c0,-2.948453,-1.2889616
page327_E-2_c0_sym_001,page327_E-2_c0,-0.09362802,-0.38258654
page327_L-228_A_c1_sym_001,page327_L-228_A_c1,1.9934081,1.200143
page328_L-231_A_c0_sym_001,page328_L-231_A_c0,0.13684447,-0.27669662
page328_L-237_A_c0_sym_001,page328_L-237_A_c0,0.13684447,-0.27669662
page328_L-240_c0_sym_001,page328_L-240_c0,0.13684447,-0.27669662
page328_L-242_A_c0_sym_001,page328_L-242_A_c0,0.13684447,-0.27669662
page328_L-244_A_c1_sym_001,page328_L-244_A_c1,-0.94193864,-0.8698248
page329_L-253_A_c2_sym_001,page329_L-253_A_c2,-1.0289218,-1.1159803
page330_L-244_A_c0_sym_001,page330_L-244_A_c0,-1.0089844,-1.0739986
page330_L-263_A_c0_sym_001,page330_L-263_A_c0,-1.0089844,-1.0739986
page330_L-266_A_bis_c1_sym_001,page330_L-266_A_bis_c1,-1.0089844,-1.0739986
page330_L-266_A_c0_sym_001,page330_L-266_A_c0,-1.0089844,-1.0739986
page331_L-273_c0_sym_001,page331_L-273_c0,3.0007417,1.9927403
page331_L-274_A_bis_c1_sym_001,page331_L-274_A_bis_c1,0.65158695,0.11405221
page331_L-276_A_c0_sym_001,page331_L-276_A_c0,0.65158695,0.11405221
page332_L-277_A_c0_sym_001,page332_L-277_A_c0,0.4368382,-0.020232609
page334_K-1_a_c1_sym_001,page334_K-1_a_c1,-1.2743765,-1.0683113
page334_K-1_a_c1_sym_002,page334_K-1_a_c1,-1.4293325,-1.171495
page336_K-5_a_c0_sym_001,page336_K-5_a_c0,-0.58206517,-0.72691005
page336_K-5_a_c0_sym_002,page336_K-5_a_c0,-0.1883029,-0.4583982
page336_K-6_a_c1_sym_001,page336_K-6_a_c1,-0.14647152,-0.44165137
page336_K-6_B_c0_sym_001,page336_K-6_B_c0,0.25211987,-0.06871059
page336_K-6_C_c0_sym_001,page336_K-6_C_c0,0.25211987,-0.06871059
page336_K-7_A_c0_sym_001,page336_K-7_A_c0,-0.58206517,-0.72691005
page336_K-7_A_c0_sym_002,page336_K-7_A_c0,-0.1883029,-0.4583982
page336_K-8_A_c1_sym_001,page336_K-8_A_c1,-0.14647152,-0.44165137
page336_K-9_A_c2_sym_001,page336_K-9_A_c2,-0.14647152,-0.44165137
page337_K-10_A_c0_sym_001,page337_K-10_A_c0,-0.212687,-0.44843492
page337_K-11_A_c1_sym_001,page337_K-11_A_c1,-0.6324116,-0.71060604
page337_K-12_a_c1_sym_001,page337_K-12_a_c1,1.516785,0.8099235
page337_K-12_a_c1_sym_002,page337_K-12_a_c1,-0.37545875,-0.5661541
page337_K-12_a_c1_sym_003,page337_K-12_a_c1,-0.41326132,-0.5669752
page337_K-12_a_c1_sym_004,page337_K-12_a_c1,-0.31755644,-0.5325476
page337_K-12_a_c1_sym_005,page337_K-12_a_c1,1.548727,0.8160328
page337_K-12_a_c1_sym_006,page337_K-12_a_c1,-1.007127,-0.84078544
page337_K-12_a_c1_sym_007,page337_K-12_a_c1,0.24004193,-0.1626515
page337_K-12_a_c1_sym_008,page337_K-12_a_c1,0.81146145,0.3870206
page337_K-13_A_c0_sym_001,page337_K-13_A_c0,-0.212687,-0.44843492
page337_K-14_A_c1_sym_001,page337_K-14_A_c1,-0.6324116,-0.71060604
page337_K-15_a_c0_sym_001,page337_K-15_a_c0,3.9094038,2.713079
page337_K-15_a_c0_sym_002,page337_K-15_a_c0,1.6008686,0.7474975
page337_K-15_a_c0_sym_003,page337_K-15_a_c0,1.3080722,0.6001339
page337_K-15_a_c0_sym_004,page337_K-15_a_c0,1.2109997,0.51448107
page337_K-15_a_c0_sym_005,page337_K-15_a_c0,-0.21508786,-0.44570488
page337_K-15_a_c0_sym_006,page337_K-15_a_c0,0.8987248,0.32218418
page337_K-15_a_c0_sym_007,page337_K-15_a_c0,1.2443515,0.59248906
page337_K-15_a_c0_sym_008,page337_K-15_a_c0,0.58686143,0.14343564
page337_K-15_a_c0_sym_009,page337_K-15_a_c0,0.94481057,0.31972945
page337_K-15_a_c0_sym_010,page337_K-15_a_c0,0.8471434,0.2636684
page337_K-15_a_c0_sym_011,page337_K-15_a_c0,1.3323168,0.56442845
page337_K-15_a_c0_sym_012,page337_K-15_a_c0,0.27269372,-0.15915279
page337_K-15_a_c0_sym_013,page337_K-15_a_c0,1.1715,0.51416785
page337_K-15_a_c0_sym_014,page337_K-15_a_c0,0.2679258,-0.15183175
page337_K-15_a_c0_sym_015,page337_K-15_a_c0,0.44733453,-0.02253152
page337_K-15_a_c0_sym_016,page337_K-15_a_c0,-0.56956977,-0.6855467
page337_K-15_a_c0_sym_017,page337_K-15_a_c0,2.6125774,1.7029392
page337_K-15_a_c0_sym_018,page337_K-15_a_c0,0.6371563,0.06551038
page337_K-15_a_c0_sym_019,page337_K-15_a_c0,-0.6660704,-0.726754
page337_K-15_a_c0_sym_020,page337_K-15_a_c0,0.753041,0.18597835
page337_K-15_a_c0_sym_021,page337_K-15_a_c0,0.8302768,0.2402236
page337_K-15_a_c0_sym_022,page337_K-15_a_c0,0.20754024,-0.20956585
page337_K-15_a_c0_sym_023,page337_K-15_a_c0,-0.33395973,-0.6269968
page337_K-15_a_c0_sym_024,page337_K-15_a_c0,0.079228915,-0.2868672
page337_K-15_a_c0_sym_025,page337_K-15_a_c0,0.6330508,0.085782215
page337_K-15_a_c0_sym_026,page337_K-15_a_c0,-0.034135833,-0.40528077
page337_K-15_a_c0_sym_027,page337_K-15_a_c0,0.8914189,0.27211505
page337_K-15_a_c0_sym_028,page337_K-15_a_c0,-0.46136948,-0.63234794
page337_K-15_a_c0_sym_029,page337_K-15_a_c0,0.0035470717,-0.33317637
page337_K-15_a_c0_sym_030,page337_K-15_a_c0,1.0257934,0.3786187
page337_K-15_a_c0_sym_031,page337_K-15_a_c0,0.11145884,-0.27933326
page337_K-15_a_c0_sym_032,page337_K-15_a_c0,0.9018255,0.28345722
page338_K-16_A_c0_sym_001,page338_K-16_A_c0,-0.70150965,-0.7832577
page338_K-16_A_c0_sym_002,page338_K-16_A_c0,-1.178825,-0.92557
page338_K-16_A_c0_sym_003,page338_K-16_A_c0,4.7770104,3.383455
page339_K-22_A_c0_sym_001,page339_K-22_A_c0,4.7862787,3.3614125
page339_K-23_A_c0_sym_001,page339_K-23_A_c0,1.7870779,1.076931
page339_K-23_A_c0_sym_002,page339_K-23_A_c0,-0.124404535,-0.37281927
page339_K-25_a_c0_sym_001,page339_K-25_a_c0,-0.8851993,-0.7945199
page339_K-25_a_c0_sym_002,page339_K-25_a_c0,-0.42566708,-0.5869284
page339_K-25_a_c0_sym_003,page339_K-25_a_c0,-0.2823632,-0.48521826
page339_K-25_a_c0_sym_004,page339_K-25_a_c0,0.009403217,-0.22171785
page339_K-25_a_c0_sym_005,page339_K-25_a_c0,2.2888675,1.4734193
page339_K-25_a_c0_sym_006,page339_K-25_a_c0,0.38064218,-0.075002395
page339_K-25_a_c0_sym_007,page339_K-25_a_c0,1.6459734,0.8321686
page339_K-25_a_c0_sym_008,page339_K-25_a_c0,1.2246166,0.5438107
page339_K-25_a_c0_sym_009,page339_K-25_a_c0,1.1316024,0.4884267
page339_K-25_a_c0_sym_010,page339_K-25_a_c0,1.7159995,0.86509037
page339_K-26_A_c0_sym_001,page339_K-26_A_c0,1.7870779,1.076931
page339_K-26_A_c0_sym_002,page339_K-26_A_c0,-0.124404535,-0.37281927
page340_K-31_A_c0_sym_001,page340_K-31_A_c0,4.8764157,3.4536068
page340_K-31_a_c1_sym_001,page340_K-31_a_c1,-1.0799664,-0.87613815
page340_K-31_a_c1_sym_002,page340_K-31_a_c1,-0.116956316,-0.41363624
page340_K-31_B_c3_sym_001,page340_K-31_B_c3,3.4569376,2.3327084
page340_K-31_F_c2_sym_001,page340_K-31_F_c2,-1.0799664,-0.87613815
page340_K-31_F_c2_sym_002,page340_K-31_F_c2,-0.116956316,-0.41363624
page340_K-32_c0_sym_001,page340_K-32_c0,1.0970553,0.40848958
page340_K-32_c0_sym_002,page340_K-32_c0,-0.8196679,-0.79415953
page340_K-34_a_c0_sym_001,page340_K-34_a_c0,0.15161417,-0.055567674
page340_K-34_a_c0_sym_002,page340_K-34_a_c0,0.34729725,-0.0009326442
page340_K-34_a_c0_sym_003,page340_K-34_a_c0,-0.582152,-0.65319663
page341_K-35_A_c0_sym_001,page341_K-35_A_c0,-1.2006162,-0.9868692
page341_K-37_A_c0_sym_001,page341_K-37_A_c0,-1.2006162,-0.9868692
page341_K-39_A_c0_sym_001,page341_K-39_A_c0,-1.2006162,-0.9868692
page341_K-39_B_c1_sym_001,page341_K-39_B_c1,-1.2006162,-0.9868692
page341_K-39_C_c0_sym_001,page341_K-39_C_c0,-1.2006162,-0.9868692
page342_K-45_A_c0_sym_001,page342_K-45_A_c0,-0.8512652,-0.7600947
page342_K-46_A_c0_sym_001,page342_K-46_A_c0,-0.8512652,-0.7600947
page343_K-49_A_c0_sym_001,page343_K-49_A_c0,1.1521095,0.48023695
page343_K-50_a_c0_sym_001,page343_K-50_a_c0,1.1521095,0.48023695
page343_K-50_B_c1_sym_001,page343_K-50_B_c1,1.1521095,0.48023695
page343_K-50_C_c0_sym_001,page343_K-50_C_c0,1.1521095,0.48023695
page343_K-51_A_c0_sym_001,page343_K-51_A_c0,1.1521095,0.48023695
page343_K-51_a_c1_sym_001,page343_K-51_a_c1,1.1521095,0.48023695
page344_K-52_A_bis_c1_sym_001,page344_K-52_A_bis_c1,4.205217,2.8883846
page344_K-54_B_c1_sym_001,page344_K-54_B_c1,0.8098415,0.29455706
page344_K-54_B_c1_sym_002,page344_K-54_B_c1,-0.24076107,-0.45018113
page344_K-55_B_c3_sym_001,page344_K-55_B_c3,-0.51928496,-0.6679231
page345_K-58_D_c1_sym_001,page345_K-58_D_c1,1.0816977,0.4431864
page346_K-60_E_c0_sym_001,page346_K-60_E_c0,0.4505634,0.031046418
page346_K-60_E_c0_sym_002,page346_K-60_E_c0,2.034692,1.3237393
page346_K-60_E_c0_sym_003,page346_K-60_E_c0,0.09568983,-0.29860923
page346_K-60_E_c0_sym_004,page346_K-60_E_c0,2.4724271,1.6299385
page346_K-61_a_c1_sym_001,page346_K-61_a_c1,0.4505634,0.031046418
page346_K-61_a_c1_sym_002,page346_K-61_a_c1,2.034692,1.3237393
page346_K-61_a_c1_sym_003,page346_K-61_a_c1,0.09568983,-0.29860923
page346_K-61_a_c1_sym_004,page346_K-61_a_c1,2.4724271,1.6299385
page346_K-61_B_c2_sym_001,page346_K-61_B_c2,0.4505634,0.031046418
page346_K-61_B_c2_sym_002,page346_K-61_B_c2,2.034692,1.3237393
page346_K-61_B_c2_sym_003,page346_K-61_B_c2,0.09568983,-0.29860923
page346_K-61_B_c2_sym_004,page346_K-61_B_c2,2.4724271,1.6299385
page346_K-62_A_c0_sym_001,page346_K-62_A_c0,-0.12516779,-0.4590745
page346_K-62_A_c0_sym_002,page346_K-62_A_c0,-0.16204527,-0.2972952
page346_K-62_A_c0_sym_003,page346_K-62_A_c0,-0.13057451,-0.28067738
page346_K-62_A_c0_sym_004,page346_K-62_A_c0,-0.9529114,-1.0614403
page346_K-62_C_c0_sym_001,page346_K-62_C_c0,-0.12516779,-0.4590745
page346_K-62_C_c0_sym_002,page346_K-62_C_c0,-0.16204527,-0.2972952
page346_K-62_C_c0_sym_003,page346_K-62_C_c0,-0.13057451,-0.28067738
page346_K-62_C_c0_sym_004,page346_K-62_C_c0,-0.9529114,-1.0614403
page346_K-62_n_c1_sym_001,page346_K-62_n_c1,0.4505634,0.031046418
page346_K-62_n_c1_sym_002,page346_K-62_n_c1,2.034692,1.3237393
page346_K-62_n_c1_sym_003,page346_K-62_n_c1,0.09568983,-0.29860923
page346_K-62_n_c1_sym_004,page346_K-62_n_c1,2.4724271,1.6299385
page346_K-63_C_c0_sym_001,page346_K-63_C_c0,-1.3831917,-0.97782964
page347_K-65_A_c2_sym_001,page347_K-65_A_c2,0.65007573,0.09999494
page347_K-65_A_c2_sym_002,page347_K-65_A_c2,0.82572407,0.26115555
page347_K-65_A_c2_sym_003,page347_K-65_A_c2,1.2789925,0.5635322
page347_K-65_A_c3_sym_001,page347_K-65_A_c3,0.65007573,0.09999494
page347_K-65_A_c3_sym_002,page347_K-65_A_c3,0.82572407,0.26115555
page347_K-65_A_c3_sym_003,page347_K-65_A_c3,1.2789925,0.5635322
page348_K-66_A_c0_sym_001,page348_K-66_A_c0,-1.0494665,-1.1193755
page348_K-66_A_c0_sym_002,page348_K-66_A_c0,0.83903986,0.31165183
page348_K-66_A_c0_sym_003,page348_K-66_A_c0,1.2650317,0.59404576
page348_K-66_A_c0_sym_004,page348_K-66_A_c0,-0.03592276,-0.38543835
page348_K-66_A_c0_sym_005,page348_K-66_A_c0,0.8439743,0.24384563
page348_K-66_A_c0_sym_006,page348_K-66_A_c0,-1.0988686,-1.1206353
page348_K-66_A_c0_sym_007,page348_K-66_A_c0,-0.6610941,-0.72354466
page348_K-66_A_c0_sym_008,page348_K-66_A_c0,-0.37914094,-0.59743214
page348_K-66_A_c0_sym_009,page348_K-66_A_c0,0.4055366,-0.0653621
page348_K-66_A_c0_sym_010,page348_K-66_A_c0,-5.510334,3.894733
page348_K-66_A_c0_sym_011,page348_K-66_A_c0,-2.9363568,-1.2949138
page348_K-66_A_c0_sym_012,page348_K-66_A_c0,-2.9231758,-1.2835932
page348_K-66_A_c0_sym_013,page348_K-66_A_c0,-2.921054,-1.2918602
page348_K-66_A_c0_sym_014,page348_K-66_A_c0,-2.3566208,-1.0785315
page348_K-66_A_c0_sym_015,page348_K-66_A_c0,-1.7412199,-1.197968
page348_K-66_A_c0_sym_016,page348_K-66_A_c0,-3.412184,-0.5472654
page348_K-66_A_c0_sym_017,page348_K-66_A_c0,-1.7475655,-1.1993654
page348_K-67_A_c0_sym_001,page348_K-67_A_c0,-1.0494665,-1.1193755
page348_K-67_A_c0_sym_002,page348_K-67_A_c0,0.83903986,0.31165183
page348_K-67_A_c0_sym_003,page348_K-67_A_c0,1.2650317,0.59404576
page348_K-67_A_c0_sym_004,page348_K-67_A_c0,-0.03592276,-0.38543835
page348_K-67_A_c0_sym_005,page348_K-67_A_c0,0.8439743,0.24384563
page348_K-67_A_c0_sym_006,page348_K-67_A_c0,-1.0988686,-1.1206353
page348_K-67_A_c0_sym_007,page348_K-67_A_c0,-0.6610941,-0.72354466
page348_K-67_A_c0_sym_008,page348_K-67_A_c0,-0.37914094,-0.59743214
page348_K-67_A_c0_sym_009,page348_K-67_A_c0,0.4055366,-0.0653621
page348_K-67_A_c0_sym_010,page348_K-67_A_c0,-5.510334,3.894733
page348_K-67_A_c0_sym_011,page348_K-67_A_c0,-2.9363568,-1.2949138
page348_K-67_A_c0_sym_012,page348_K-67_A_c0,-2.9231758,-1.2835932
page348_K-67_A_c0_sym_013,page348_K-67_A_c0,-2.921054,-1.2918602
page348_K-67_A_c0_sym_014,page348_K-67_A_c0,-2.3566208,-1.0785315
page348_K-67_A_c0_sym_015,page348_K-67_A_c0,-1.7412199,-1.197968
page348_K-67_A_c0_sym_016,page348_K-67_A_c0,-3.412184,-0.5472654
page348_K-67_A_c0_sym_017,page348_K-67_A_c0,-1.7475655,-1.1993654
page348_K-67_B_c0_sym_001,page348_K-67_B_c0,-1.0494665,-1.1193755
page348_K-67_B_c0_sym_002,page348_K-67_B_c0,0.83903986,0.31165183
page348_K-67_B_c0_sym_003,page348_K-67_B_c0,1.2650317,0.59404576
page348_K-67_B_c0_sym_004,page348_K-67_B_c0,-0.03592276,-0.38543835
page348_K-67_B_c0_sym_005,page348_K-67_B_c0,0.8439743,0.24384563
page348_K-67_B_c0_sym_006,page348_K-67_B_c0,-1.0988686,-1.1206353
page348_K-67_B_c0_sym_007,page348_K-67_B_c0,-0.6610941,-0.72354466
page348_K-67_B_c0_sym_008,page348_K-67_B_c0,-0.37914094,-0.59743214
page348_K-67_B_c0_sym_009,page348_K-67_B_c0,0.4055366,-0.0653621
page348_K-67_B_c0_sym_010,page348_K-67_B_c0,-5.510334,3.894733
page348_K-67_B_c0_sym_011,page348_K-67_B_c0,-2.9363568,-1.2949138
page348_K-67_B_c0_sym_012,page348_K-67_B_c0,-2.9231758,-1.2835932
page348_K-67_B_c0_sym_013,page348_K-67_B_c0,-2.921054,-1.2918602
page348_K-67_B_c0_sym_014,page348_K-67_B_c0,-2.3566208,-1.0785315
page348_K-67_B_c0_sym_015,page348_K-67_B_c0,-1.7412199,-1.197968
page348_K-67_B_c0_sym_016,page348_K-67_B_c0,-3.412184,-0.5472654
page348_K-67_B_c0_sym_017,page348_K-67_B_c0,-1.7475655,-1.1993654
page348_K-67_E_c1_sym_001,page348_K-67_E_c1,-1.0494665,-1.1193755
page348_K-67_E_c1_sym_002,page348_K-67_E_c1,0.83903986,0.31165183
page348_K-67_E_c1_sym_003,page348_K-67_E_c1,1.2650317,0.59404576
page348_K-67_E_c1_sym_004,page348_K-67_E_c1,-0.03592276,-0.38543835
page348_K-67_E_c1_sym_005,page348_K-67_E_c1,0.8439743,0.24384563
page348_K-67_E_c1_sym_006,page348_K-67_E_c1,-1.0988686,-1.1206353
page348_K-67_E_c1_sym_007,page348_K-67_E_c1,-0.6610941,-0.72354466
page348_K-67_E_c1_sym_008,page348_K-67_E_c1,-0.37914094,-0.59743214
page348_K-67_E_c1_sym_009,page348_K-67_E_c1,0.4055366,-0.0653621
page348_K-67_E_c1_sym_010,page348_K-67_E_c1,-5.510334,3.894733
page348_K-67_E_c1_sym_011,page348_K-67_E_c1,-2.9363568,-1.2949138
page348_K-67_E_c1_sym_012,page348_K-67_E_c1,-2.9231758,-1.2835932
page348_K-67_E_c1_sym_013,page348_K-67_E_c1,-2.921054,-1.2918602
page348_K-67_E_c1_sym_014,page348_K-67_E_c1,-2.3566208,-1.0785315
page348_K-67_E_c1_sym_015,page348_K-67_E_c1,-1.7412199,-1.197968
page348_K-67_E_c1_sym_016,page348_K-67_E_c1,-3.412184,-0.5472654
page348_K-67_E_c1_sym_017,page348_K-67_E_c1,-1.7475655,-1.1993654
page348_K-69_A_c0_sym_001,page348_K-69_A_c0,-1.0494665,-1.1193755
page348_K-69_A_c0_sym_002,page348_K-69_A_c0,0.83903986,0.31165183
page348_K-69_A_c0_sym_003,page348_K-69_A_c0,1.2650317,0.59404576
page348_K-69_A_c0_sym_004,page348_K-69_A_c0,-0.03592276,-0.38543835
page348_K-69_A_c0_sym_005,page348_K-69_A_c0,0.8439743,0.24384563
page348_K-69_A_c0_sym_006,page348_K-69_A_c0,-1.0988686,-1.1206353
page348_K-69_A_c0_sym_007,page348_K-69_A_c0,-0.6610941,-0.72354466
page348_K-69_A_c0_sym_008,page348_K-69_A_c0,-0.37914094,-0.59743214
page348_K-69_A_c0_sym_009,page348_K-69_A_c0,0.4055366,-0.0653621
page348_K-69_A_c0_sym_010,page348_K-69_A_c0,-5.510334,3.894733
page348_K-69_A_c0_sym_011,page348_K-69_A_c0,-2.9363568,-1.2949138
page348_K-69_A_c0_sym_012,page348_K-69_A_c0,-2.9231758,-1.2835932
page348_K-69_A_c0_sym_013,page348_K-69_A_c0,-2.921054,-1.2918602
page348_K-69_A_c0_sym_014,page348_K-69_A_c0,-2.3566208,-1.0785315
page348_K-69_A_c0_sym_015,page348_K-69_A_c0,-1.7412199,-1.197968
page348_K-69_A_c0_sym_016,page348_K-69_A_c0,-3.412184,-0.5472654
page348_K-69_A_c0_sym_017,page348_K-69_A_c0,-1.7475655,-1.1993654
page348_K-70_A_c0_sym_001,page348_K-70_A_c0,-1.0494665,-1.1193755
page348_K-70_A_c0_sym_002,page348_K-70_A_c0,0.83903986,0.31165183
page348_K-70_A_c0_sym_003,page348_K-70_A_c0,1.2650317,0.59404576
page348_K-70_A_c0_sym_004,page348_K-70_A_c0,-0.03592276,-0.38543835
page348_K-70_A_c0_sym_005,page348_K-70_A_c0,0.8439743,0.24384563
page348_K-70_A_c0_sym_006,page348_K-70_A_c0,-1.0988686,-1.1206353
page348_K-70_A_c0_sym_007,page348_K-70_A_c0,-0.6610941,-0.72354466
page348_K-70_A_c0_sym_008,page348_K-70_A_c0,-0.37914094,-0.59743214
page348_K-70_A_c0_sym_009,page348_K-70_A_c0,0.4055366,-0.0653621
page348_K-70_A_c0_sym_010,page348_K-70_A_c0,-5.510334,3.894733
page348_K-70_A_c0_sym_011,page348_K-70_A_c0,-2.9363568,-1.2949138
page348_K-70_A_c0_sym_012,page348_K-70_A_c0,-2.9231758,-1.2835932
page348_K-70_A_c0_sym_013,page348_K-70_A_c0,-2.921054,-1.2918602
page348_K-70_A_c0_sym_014,page348_K-70_A_c0,-2.3566208,-1.0785315
page348_K-70_A_c0_sym_015,page348_K-70_A_c0,-1.7412199,-1.197968
page348_K-70_A_c0_sym_016,page348_K-70_A_c0,-3.412184,-0.5472654
page348_K-70_A_c0_sym_017,page348_K-70_A_c0,-1.7475655,-1.1993654
page348_K-70_B_c0_sym_001,page348_K-70_B_c0,-1.0494665,-1.1193755
page348_K-70_B_c0_sym_002,page348_K-70_B_c0,0.83903986,0.31165183
page348_K-70_B_c0_sym_003,page348_K-70_B_c0,1.2650317,0.59404576
page348_K-70_B_c0_sym_004,page348_K-70_B_c0,-0.03592276,-0.38543835
page348_K-70_B_c0_sym_005,page348_K-70_B_c0,0.8439743,0.24384563
page348_K-70_B_c0_sym_006,page348_K-70_B_c0,-1.0988686,-1.1206353
page348_K-70_B_c0_sym_007,page348_K-70_B_c0,-0.6610941,-0.72354466
page348_K-70_B_c0_sym_008,page348_K-70_B_c0,-0.37914094,-0.59743214
page348_K-70_B_c0_sym_009,page348_K-70_B_c0,0.4055366,-0.0653621
page348_K-70_B_c0_sym_010,page348_K-70_B_c0,-5.510334,3.894733
page348_K-70_B_c0_sym_011,page348_K-70_B_c0,-2.9363568,-1.2949138
page348_K-70_B_c0_sym_012,page348_K-70_B_c0,-2.9231758,-1.2835932
page348_K-70_B_c0_sym_013,page348_K-70_B_c0,-2.921054,-1.2918602
page348_K-70_B_c0_sym_014,page348_K-70_B_c0,-2.3566208,-1.0785315
page348_K-70_B_c0_sym_015,page348_K-70_B_c0,-1.7412199,-1.197968
page348_K-70_B_c0_sym_016,page348_K-70_B_c0,-3.412184,-0.5472654
page348_K-70_B_c0_sym_017,page348_K-70_B_c0,-1.7475655,-1.1993654
page349_K-73_A_c0_sym_001,page349_K-73_A_c0,-1.0460436,-1.0520796
page349_K-75_A_c0_sym_001,page349_K-75_A_c0,-1.0460436,-1.0520796
page350_A-2_c0_sym_001,page350_A-2_c0,-1.7393565,-1.1985986
page350_K-78_B_c0_sym_001,page350_K-78_B_c0,1.9268227,1.209567
page350_K-79_A_c0_sym_001,page350_K-79_A_c0,-1.7393565,-1.1985986
page350_K-81_B_c0_sym_001,page350_K-81_B_c0,-1.7393565,-1.1985986
page353_K-88_A_c0_sym_001,page353_K-88_A_c0,-1.0265806,-1.1156309
page353_K-88_B_c0_sym_001,page353_K-88_B_c0,0.5429345,0.056331053
page353_K-88_B_c0_sym_002,page353_K-88_B_c0,-1.0839801,-1.1241854
page353_K-88_B_c0_sym_003,page353_K-88_B_c0,-1.7956259,-1.203812
page359_K-117_A_c1_sym_001,page359_K-117_A_c1,-1.7805417,-1.1150521
page362_K-122_A__2__c0_sym_001,page362_K-122_A__2__c0,-3.4039907,-1.4141084
page362_K-122_A__2__c0_sym_002,page362_K-122_A__2__c0,-1.0194305,-1.1145132
page362_K-122_A_c0_sym_001,page362_K-122_A_c0,-3.4039907,-1.4141084
page362_K-122_A_c0_sym_002,page362_K-122_A_c0,-1.0194305,-1.1145132
page363_C-1_A_c0_sym_001,page363_C-1_A_c0,-0.49743775,-0.49775675
page363_C-1_A_c0_sym_002,page363_C-1_A_c0,0.9137904,0.32588774
page363_C-1_A_c0_sym_003,page363_C-1_A_c0,-0.14820187,-0.39434576
page363_C-1_A_c0_sym_004,page363_C-1_A_c0,-3.090788,-1.3015903
page363_C-1_A_c0_sym_005,page363_C-1_A_c0,-1.8015945,-1.2042975
page363_C-1_A_c0_sym_006,page363_C-1_A_c0,5.2380834,3.7595778
page363_C-1_A_c0_sym_007,page363_C-1_A_c0,0.7745381,0.44962913
page363_C-1_A_c0_sym_008,page363_C-1_A_c0,0.9920423,0.38914967
page363_C-1_A_c0_sym_009,page363_C-1_A_c0,-3.4199023,-1.3925225
page363_C-1_A_c0_sym_010,page363_C-1_A_c0,1.9526736,1.1024702
page363_C-1_A_c0_sym_011,page363_C-1_A_c0,-1.947805,-1.2417464
page363_C-1_A_c0_sym_012,page363_C-1_A_c0,-0.82919794,-0.63572365
page363_C-1_A_c0_sym_013,page363_C-1_A_c0,-0.03373458,-0.24718802
page363_C-1_A_c0_sym_014,page363_C-1_A_c0,-11.008981,7.4967785
page363_C-1_A_c0_sym_015,page363_C-1_A_c0,-0.20017226,-0.3980603
page363_C-1_A_c0_sym_016,page363_C-1_A_c0,0.18007645,-0.15025201
page363_C-1_A_c0_sym_017,page363_C-1_A_c0,-3.0401528,-1.3944817
page363_C-1_A_c0_sym_018,page363_C-1_A_c0,2.1346507,1.3077652
page363_C-1_A_c0_sym_019,page363_C-1_A_c0,-6.589398,0.6515267
page363_C-1_A_c0_sym_020,page363_C-1_A_c0,0.024756776,-0.25715068
page363_C-1_A_c0_sym_021,page363_C-1_A_c0,0.95052636,0.37517893
page363_C-1_A_c0_sym_022,page363_C-1_A_c0,-1.132554,-1.1138481
page363_C-1_A_c0_sym_023,page363_C-1_A_c0,1.8506929,1.1018908
page363_C-1_A_c0_sym_024,page363_C-1_A_c0,0.20508423,-0.17379448
page363_C-1_A_c0_sym_025,page363_C-1_A_c0,-2.5596397,-1.3930894
page363_C-1_A_c0_sym_026,page363_C-1_A_c0,-1.3533343,-1.158621
page363_C-1_A_c0_sym_027,page363_C-1_A_c0,-0.28803524,-0.4537389
page363_C-1_A_c0_sym_028,page363_C-1_A_c0,-1.0349734,-1.1169451
page363_C-1_A_c0_sym_029,page363_C-1_A_c0,-3.3562,-1.292966
page363_C-1_A_c0_sym_030,page363_C-1_A_c0,-3.4151912,-1.298597
page363_C-1_A_c0_sym_031,page363_C-1_A_c0,-1.5155026,-1.1763654
page363_C-1_A_c0_sym_032,page363_C-1_A_c0,-1.0250616,-1.1154265
page363_C-1_A_c0_sym_033,page363_C-1_A_c0,-6.0128984,1.6983918
page363_C-1_A_c0_sym_034,page363_C-1_A_c0,-3.4007115,-1.2959843
page363_C-1_A_c0_sym_035,page363_C-1_A_c0,-1.383255,-1.0763884
page363_C-1_A_c0_sym_036,page363_C-1_A_c0,-1.457016,-1.1190094
page363_C-1_A_c0_sym_037,page363_C-1_A_c0,-1.0250616,-1.1154265
page363_C-1_A_c0_sym_038,page363_C-1_A_c0,-3.4444828,-1.2984186
page363_C-1_A_c0_sym_039,page363_C-1_A_c0,-3.5546458,-1.296315
page363_C-1_A_c0_sym_040,page363_C-1_A_c0,-1.0250616,-1.1154265
page363_C-1_A_c0_sym_041,page363_C-1_A_c0,-1.9343705,-1.2155117
page363_C-1_A_c0_sym_042,page363_C-1_A_c0,-3.4361856,-1.2557794
page363_C-1_A_c0_sym_043,page363_C-1_A_c0,-5.258791,0.29262534
page363_C-1_A_c0_sym_044,page363_C-1_A_c0,-1.8693664,-1.181637
page363_C-1_A_c0_sym_045,page363_C-1_A_c0,-1.417925,-1.0767189
page363_C-1_A_c0_sym_046,page363_C-1_A_c0,-1.9148676,-1.213802
page363_C-1_A_c0_sym_047,page363_C-1_A_c0,-1.8076187,-1.1340239
page363_C-1_A_c0_sym_048,page363_C-1_A_c0,-1.9130619,-1.2108701
page363_C-1_A_c0_sym_049,page363_C-1_A_c0,-1.5520332,-1.180158
page363_C-1_A_c0_sym_050,page363_C-1_A_c0,-3.4581854,-1.2963305
page363_C-1_A_c0_sym_051,page363_C-1_A_c0,-1.4404206,-1.0829844
page363_C-1_A_c0_sym_052,page363_C-1_A_c0,-5.6714644,0.7136688
page363_C-1_A_c0_sym_053,page363_C-1_A_c0,-4.1136856,-0.41626784
page364_C-3_A_c0_sym_001,page364_C-3_A_c0,-0.53765833,-0.7356742
page364_C-3_A_c0_sym_002,page364_C-3_A_c0,2.5515625,1.6778764
page364_C-3_A_c0_sym_003,page364_C-3_A_c0,-1.0336831,-1.1167516
page364_C-3_A_c0_sym_004,page364_C-3_A_c0,-0.37739995,-0.6397296
page364_C-3_A_c0_sym_005,page364_C-3_A_c0,-0.51600397,-0.7288559
page364_C-3_A_c0_sym_006,page364_C-3_A_c0,0.4797849,-0.020622846
page364_C-3_A_c0_sym_007,page364_C-3_A_c0,-1.045944,-1.1186526
page364_C-3_A_c0_sym_008,page364_C-3_A_c0,0.83757704,0.31803864
page364_C-3_A_c0_sym_009,page364_C-3_A_c0,-1.0324346,-1.1166217
page364_C-3_A_c0_sym_010,page364_C-3_A_c0,1.2606909,0.5606663
page364_C-3_A_c0_sym_011,page364_C-3_A_c0,0.30620757,-0.11499095
page364_C-3_A_c0_sym_012,page364_C-3_A_c0,0.82250506,0.25683552
page364_C-3_A_c0_sym_013,page364_C-3_A_c0,2.6660023,1.7200431
page364_C-3_A_c0_sym_014,page364_C-3_A_c0,-1.0286273,-1.1160038
page364_C-3_A_c0_sym_015,page364_C-3_A_c0,-0.94493014,-1.0464263
page364_C-3_A_c0_sym_016,page364_C-3_A_c0,-0.22128811,-0.48634174
page364_C-3_A_c0_sym_017,page364_C-3_A_c0,1.1848356,0.52578455
page364_C-3_A_c0_sym_018,page364_C-3_A_c0,0.21182169,-0.16294213
page364_C-3_A_c0_sym_019,page364_C-3_A_c0,-1.0440879,-1.1101671
page364_C-3_A_c0_sym_020,page364_C-3_A_c0,-2.0537658,-1.6680007
page364_C-3_A_c0_sym_021,page364_C-3_A_c0,0.68205243,0.21430387
page364_C-3_A_c0_sym_022,page364_C-3_A_c0,1.2349194,0.57118
page364_C-3_A_c0_sym_023,page364_C-3_A_c0,1.2836525,0.6970601
page364_C-3_A_c0_sym_024,page364_C-3_A_c0,-5.4050517,-1.521401
page364_C-3_A_c0_sym_025,page364_C-3_A_c0,-1.922317,-1.2394267
page364_C-3_A_c0_sym_026,page364_C-3_A_c0,-0.33542275,-0.5838071
page364_C-3_A_c0_sym_027,page364_C-3_A_c0,2.4176695,1.5133457
page364_C-3_A_c0_sym_028,page364_C-3_A_c0,0.54765177,0.0045920415
page364_C-3_A_c0_sym_029,page364_C-3_A_c0,-1.0484576,-1.1191901
page364_C-3_A_c0_sym_030,page364_C-3_A_c0,-1.0432677,-1.1183102
page364_C-3_A_c0_sym_031,page364_C-3_A_c0,1.248629,0.54144996
page364_C-3_A_c0_sym_032,page364_C-3_A_c0,-1.0388784,-1.1175888
page364_C-3_A_c0_sym_033,page364_C-3_A_c0,-0.00073853304,-0.38941726
page364_C-3_A_c0_sym_034,page364_C-3_A_c0,-1.0321503,-1.1165582
page364_C-3_A_c0_sym_035,page364_C-3_A_c0,1.0885038,0.43847814
page364_C-3_A_c0_sym_036,page364_C-3_A_c0,-0.27049392,-0.53225523
page364_C-3_A_c0_sym_037,page364_C-3_A_c0,-0.16456711,-0.513714
page364_C-3_A_c0_sym_038,page364_C-3_A_c0,-1.0367084,-1.1045971
page364_C-3_A_c0_sym_039,page364_C-3_A_c0,-1.0461804,-1.118688
page364_C-3_A_c0_sym_040,page364_C-3_A_c0,-0.14023246,-0.43858728
page364_C-3_A_c0_sym_041,page364_C-3_A_c0,2.1030936,1.2938302
page364_C-3_A_c0_sym_042,page364_C-3_A_c0,0.4952949,0.09279773
page364_C-3_A_c0_sym_043,page364_C-3_A_c0,0.464485,-0.018504681
page364_C-3_A_c0_sym_044,page364_C-3_A_c0,1.0502913,0.5197961
page364_C-3_A_c0_sym_045,page364_C-3_A_c0,0.07691344,-0.30501935
page364_C-3_A_c0_sym_046,page364_C-3_A_c0,-0.31036496,-0.5380135
page364_C-3_A_c0_sym_047,page364_C-3_A_c0,0.4913546,0.0057476787
page364_C-3_A_c0_sym_048,page364_C-3_A_c0,-1.012252,-1.0995082
page364_C-3_A_c0_sym_049,page364_C-3_A_c0,-0.242092,-0.5244335
page364_C-3_A_c0_sym_050,page364_C-3_A_c0,0.07560316,-0.30341473
page364_C-3_A_c0_sym_051,page364_C-3_A_c0,-1.0325994,-1.1166466
page364_C-3_A_c0_sym_052,page364_C-3_A_c0,0.905293,0.31067318
page364_C-3_A_c0_sym_053,page364_C-3_A_c0,-2.0090365,-1.1328459
page364_C-3_A_c0_sym_054,page364_C-3_A_c0,-1.0235546,-1.115182
page364_C-3_A_c0_sym_055,page364_C-3_A_c0,-4.4924364,-0.8995867
page364_C-3_A_c0_sym_056,page364_C-3_A_c0,-4.9944873,1.3292758
page366_C-10_A_c1_sym_001,page366_C-10_A_c1,1.1558979,0.5701092
page366_C-10_A_c1_sym_002,page366_C-10_A_c1,0.666586,0.18509892
page366_C-10_A_c1_sym_003,page366_C-10_A_c1,1.1805186,0.60203487
page366_C-10_A_c1_sym_004,page366_C-10_A_c1,2.2793627,1.3869755
page366_C-10_A_c1_sym_005,page366_C-10_A_c1,2.3342352,1.4793226
page366_C-10_A_c1_sym_006,page366_C-10_A_c1,0.37025836,-0.06894466
page366_C-10_A_c1_sym_007,page366_C-10_A_c1,1.1294858,0.45982325
page366_C-10_A_c1_sym_008,page366_C-10_A_c1,1.2626512,0.52915543
page366_C-10_A_c1_sym_009,page366_C-10_A_c1,-0.12975226,-0.43845242
page366_C-10_A_c1_sym_010,page366_C-10_A_c1,1.2226052,0.5464331
page366_C-10_A_c1_sym_011,page366_C-10_A_c1,1.5805304,0.7970407
page366_C-10_A_c1_sym_012,page366_C-10_A_c1,0.7152939,0.15641147
page366_C-10_A_c1_sym_013,page366_C-10_A_c1,1.0496444,0.3934501
page366_C-10_A_c1_sym_014,page366_C-10_A_c1,1.6262476,0.82759935
page366_C-10_A_c1_sym_015,page366_C-10_A_c1,0.902315,0.29871795
page366_C-10_A_c1_sym_016,page366_C-10_A_c1,-0.19076744,-0.43843997
page366_C-10_A_c1_sym_017,page366_C-10_A_c1,0.55384547,0.054920085
page366_C-10_A_c1_sym_018,page366_C-10_A_c1,2.0128796,1.0994437
page366_C-10_A_c1_sym_019,page366_C-10_A_c1,1.8080763,0.9514409
page366_C-10_A_c1_sym_020,page366_C-10_A_c1,1.4286101,0.76956034
page366_C-10_A_c1_sym_021,page366_C-10_A_c1,0.987038,0.35369056
page366_C-10_A_c1_sym_022,page366_C-10_A_c1,-0.47776642,-0.62687814
page366_C-8_a_c0_sym_001,page366_C-8_a_c0,3.2716901,2.2045443
page367_C-13_c1_sym_001,page367_C-13_c1,0.74538106,0.15193543
page367_C-13_c1_sym_002,page367_C-13_c1,0.93392676,0.33847523
page367_C-15_a_bis_c0_sym_001,page367_C-15_a_bis_c0,0.74538106,0.15193543
page367_C-15_a_bis_c0_sym_002,page367_C-15_a_bis_c0,0.93392676,0.33847523
page369_C-26_A_c0_sym_001,page369_C-26_A_c0,0.20723438,-0.18401194
page369_C-26_A_c0_sym_002,page369_C-26_A_c0,1.1249648,0.4591658
page369_C-26_B_c0_sym_001,page369_C-26_B_c0,1.5838094,0.98025936
page370_C-27_a_c0_sym_001,page370_C-27_a_c0,3.4334784,2.3124654
page370_C-29_A_c0_sym_001,page370_C-29_A_c0,-0.76533914,-0.83357376
page370_C-30_A_c0_sym_001,page370_C-30_A_c0,3.4334784,2.3124654
page370_C-31_c1_sym_001,page370_C-31_c1,-1.1546834,-1.1362936
page371_C-32_A_c0_sym_001,page371_C-32_A_c0,-0.64093065,-0.68894273
page377_C-45_A_bis_c0_sym_001,page377_C-45_A_bis_c0,-0.8121261,-0.8486029
page377_C-45_A_bis_c0_sym_002,page377_C-45_A_bis_c0,3.459018,2.3622034
page377_C-45_B_c0_sym_001,page377_C-45_B_c0,3.8228247,2.653432
page379_C-50_B_c2_sym_001,page379_C-50_B_c2,-0.13376026,-0.45999357
page379_C-50_B_c2_sym_002,page379_C-50_B_c2,0.019355502,-0.357655
page379_C-50_B_c2_sym_003,page379_C-50_B_c2,0.16897485,-0.21875843
page379_C-50_B_c2_sym_004,page379_C-50_B_c2,3.8681176,2.6210554
page379_C-50_b_c3_sym_001,page379_C-50_b_c3,1.3083552,0.63405114
page379_C-50_b_c3_sym_002,page379_C-50_b_c3,3.793976,2.5877273
page380_B-2_a_c1_sym_001,page380_B-2_a_c1,0.21864842,-0.15175153
page380_B-6_a_c1_sym_001,page380_B-6_a_c1,0.21864842,-0.15175153
page381_B-12_a_c1_sym_001,page381_B-12_a_c1,-0.9233458,-0.6829911
page381_B-12_B_c0_sym_001,page381_B-12_B_c0,-0.5243164,-0.54897285
page381_B-12_c0_sym_001,page381_B-12_c0,-0.9233458,-0.6829911
page381_B-12_D_c1_sym_001,page381_B-12_D_c1,-0.9233458,-0.6829911
page381_B-14_A_c0_sym_001,page381_B-14_A_c0,-0.9233458,-0.6829911
page381_B-8_B_c0_sym_001,page381_B-8_B_c0,-0.5243164,-0.54897285
page381_B-9_a_c1_sym_001,page381_B-9_a_c1,-0.9233458,-0.6829911
page381_B-9_D_c0_sym_001,page381_B-9_D_c0,0.061012745,-0.27676558
page381_B-9_D_c0_sym_002,page381_B-9_D_c0,0.012104413,-0.29342678
page381_B-9_D_c0_sym_003,page381_B-9_D_c0,-0.9337694,-0.85362816
page383_B-23_A__2__c0_sym_001,page383_B-23_A__2__c0,0.102972254,-0.21758011
page384_B-24_B_c1_sym_001,page384_B-24_B_c1,-0.83438456,-0.8863069
page384_B-24_F_c0_sym_001,page384_B-24_F_c0,-0.83438456,-0.8863069
page384_B-25_C_c0_sym_001,page384_B-25_C_c0,0.090121955,-0.23202974
page384_B-26_B_c1_sym_001,page384_B-26_B_c1,0.090121955,-0.23202974
page384_B-27_A_c2_sym_001,page384_B-27_A_c2,0.090121955,-0.23202974
page385_B-34_A_c1_sym_001,page385_B-34_A_c1,2.9710674,1.9547718
page387_H-1_A_c0_sym_001,page387_H-1_A_c0,-1.1332952,-0.99429816
page387_H-2_A_c0_sym_001,page387_H-2_A_c0,-1.1332952,-0.99429816
page388_D-1_a_c0_sym_001,page388_D-1_a_c0,-0.9752467,-0.8988301
page388_D-2_A_c0_sym_001,page388_D-2_A_c0,-0.33058026,-0.5518842
page388_D-2_C_c1_sym_001,page388_D-2_C_c1,1.7941318,1.0399487
page388_D-3_A_c0_sym_001,page388_D-3_A_c0,3.719451,2.5462172
page388_D-3_B_c1_sym_001,page388_D-3_B_c1,3.2141194,2.118487
page388_D-3_D_c0_sym_001,page388_D-3_D_c0,-0.33058026,-0.5518842
page388_D-3_E_c1_sym_001,page388_D-3_E_c1,-0.33058026,-0.5518842
page391_P-2_a_c1_sym_001,page391_P-2_a_c1,0.920471,0.4553751
page391_P-2_C_c1_sym_001,page391_P-2_C_c1,0.920471,0.4553751
page391_V-1_a_c0_sym_001,page391_V-1_a_c0,-1.9201851,-1.1387281
page393_H-1_A_c0_sym_001,page393_H-1_A_c0,-3.9191046,-1.4619597
page393_S-1_C_c0_sym_001,page393_S-1_C_c0,-3.9191046,-1.4619597
page393_S-2_a_c0_sym_001,page393_S-2_a_c0,2.372632,1.5482894
page393_S-2_C_c1_sym_001,page393_S-2_C_c1,1.7020078,1.0783923
page396_P-1_A_c0_sym_001,page396_P-1_A_c0,-1.6614257,-1.1331943
page396_P-2_A_c1_sym_001,page396_P-2_A_c1,-8.450879,3.4691408
page396_P-2_A_c1_sym_002,page396_P-2_A_c1,-5.153848,-1.474861
page396_P-2_A_c1_sym_003,page396_P-2_A_c1,1.5116866,0.88072056
page396_P-2_A_c1_sym_004,page396_P-2_A_c1,-4.1270595,-1.3314917
page396_P-2_A_c1_sym_005,page396_P-2_A_c1,-4.058514,-1.2539543
page396_P-2_A_c1_sym_006,page396_P-2_A_c1,-4.206279,-1.202144
page396_P-2_A_c1_sym_007,page396_P-2_A_c1,-5.2922554,-0.2693185
page396_P-2_A_c1_sym_008,page396_P-2_A_c1,3.023426,1.9839818
page398_D-1_A_c0_sym_001,page398_D-1_A_c0,-1.2147472,-0.9685545
page398_D-1_A_c0_sym_002,page398_D-1_A_c0,3.761723,2.5719697
page398_D-2_A_c0_sym_001,page398_D-2_A_c0,-1.2147472,-0.9685545
page398_D-2_A_c0_sym_002,page398_D-2_A_c0,3.761723,2.5719697
page398_D-2_a_c1_sym_001,page398_D-2_a_c1,1.0966779,0.43690836
page398_D-2_B_c2_sym_001,page398_D-2_B_c2,-0.99837196,-1.037081
page398_D-2_B_c2_sym_002,page398_D-2_B_c2,-0.9488564,-1.0277549
page398_D-2_D_c3_sym_001,page398_D-2_D_c3,-0.99837196,-1.037081
page398_D-2_D_c3_sym_002,page398_D-2_D_c3,-0.9488564,-1.0277549
page398_T-1_A_c0_sym_001,page398_T-1_A_c0,-0.99837196,-1.037081
page398_T-1_A_c0_sym_002,page398_T-1_A_c0,-0.9488564,-1.0277549
page400_H-382_A_c0_sym_001,page400_H-382_A_c0,1.8560339,1.1479037
page400_M-435_c0_sym_001,page400_M-435_c0,-0.668515,-0.7115015
page400_M-435_c0_sym_002,page400_M-435_c0,-0.6896032,-0.75312823
page400_M-435_c0_sym_003,page400_M-435_c0,-0.10357794,-0.39144692
page400_M-435_c0_sym_004,page400_M-435_c0,-0.714509,-0.7715741
page400_M-435_c0_sym_005,page400_M-435_c0,1.207222,0.5004457
page400_M-540_A_c0_sym_001,page400_M-540_A_c0,1.8560339,1.1479037
page415_M-382_A_c0_sym_001,page415_M-382_A_c0,-2.8133774,-0.9978095
page415_M-66_A_c0_sym_001,page415_M-66_A_c0,-2.8133774,-0.9978095
page421_M-312_A_c0_sym_001,page421_M-312_A_c0,-1.0226156,-1.1150298
page421_M-413_c0_sym_001,page421_M-413_c0,-1.0226156,-1.1150298
page423_M-440_A_c0_sym_001,page423_M-440_A_c0,-1.2432225,-1.1454775
page424_M-534_A_c0_sym_001,page424_M-534_A_c0,-1.2879632,-1.0670002
page424_M-534_B_c0_sym_001,page424_M-534_B_c0,-1.2879632,-1.0670002
page427_K-89_A_c0_sym_001,page427_K-89_A_c0,0.89285547,0.32917088
page427_K-89_A_c0_sym_002,page427_K-89_A_c0,0.17738816,-0.20946565
page427_K-89_A_c0_sym_003,page427_K-89_A_c0,-2.9643826,-1.2946146
page470_M-4_B_c0_sym_001,page470_M-4_B_c0,1.4166985,0.6290567
page477_M-12_a_c1_sym_001,page477_M-12_a_c1,0.47295043,0.0650423
page477_M-12_a_c1_sym_002,page477_M-12_a_c1,0.4720852,0.07246059
page477_M-12_a_c1_sym_003,page477_M-12_a_c1,-0.45245215,-0.59679854
page477_M-12_a_c1_sym_004,page477_M-12_a_c1,-0.5939916,-0.78178036
page477_M-12_a_c1_sym_005,page477_M-12_a_c1,-1.2263497,-1.1474901
page477_M-12_a_c1_sym_006,page477_M-12_a_c1,0.010156192,-0.34167853
page477_M-12_a_c1_sym_007,page477_M-12_a_c1,1.3209606,0.6514682
page477_M-12_a_c1_sym_008,page477_M-12_a_c1,-1.2289791,-1.1465385
page477_M-12_a_c1_sym_009,page477_M-12_a_c1,-0.591931,-0.70999575
page477_M-12_a_c1_sym_010,page477_M-12_a_c1,-1.0519445,-1.1196523
page477_M-12_a_c1_sym_011,page477_M-12_a_c1,0.50986266,0.120775834
page477_M-12_a_c1_sym_012,page477_M-12_a_c1,-0.31104434,-0.5647523
page477_M-12_a_c1_sym_013,page477_M-12_a_c1,0.7335235,0.1834621
page477_M-12_a_c1_sym_014,page477_M-12_a_c1,-0.5849331,-0.7594406
page477_M-12_a_c1_sym_015,page477_M-12_a_c1,-0.28492942,-0.4533185
page477_M-12_a_c1_sym_016,page477_M-12_a_c1,3.469334,2.3735957
page477_M-12_a_c1_sym_017,page477_M-12_a_c1,-0.95316714,-1.0339522
page477_M-12_a_c1_sym_018,page477_M-12_a_c1,-0.9268964,-0.9388128
page477_M-12_a_c1_sym_019,page477_M-12_a_c1,0.03378662,-0.32969922
page477_M-12_a_c1_sym_020,page477_M-12_a_c1,-1.4160231,-1.165577
page477_M-12_a_c1_sym_021,page477_M-12_a_c1,-0.7018531,-0.87565064
page477_M-12_a_c1_sym_022,page477_M-12_a_c1,-0.4794104,-0.6960212
page477_M-12_a_c1_sym_023,page477_M-12_a_c1,-0.6538907,-0.79692984
page477_M-12_a_c1_sym_024,page477_M-12_a_c1,-4.2706094,-1.615599
page477_M-12_a_c1_sym_025,page477_M-12_a_c1,-3.207221,-1.3554238
page477_M-12_a_c1_sym_026,page477_M-12_a_c1,-1.3156718,-1.1541996
page477_M-12_a_c1_sym_027,page477_M-12_a_c1,-0.5723593,-0.70597607
page477_M-12_a_c1_sym_028,page477_M-12_a_c1,-1.7052759,-1.2117286
page477_M-12_a_c1_sym_029,page477_M-12_a_c1,-0.53646976,-0.6802062
page477_M-12_a_c1_sym_030,page477_M-12_a_c1,0.3295033,-0.03714963
page477_M-12_a_c1_sym_031,page477_M-12_a_c1,1.1485484,0.54733527
page477_M-12_a_c1_sym_032,page477_M-12_a_c1,-0.60362375,-0.67844754
page477_M-12_a_c1_sym_033,page477_M-12_a_c1,-1.021299,-1.1148161
page477_M-12_a_c1_sym_034,page477_M-12_a_c1,1.4568027,0.78782725
page477_M-12_a_c1_sym_035,page477_M-12_a_c1,-1.785756,-1.2013453
page477_M-12_a_c1_sym_036,page477_M-12_a_c1,-1.4409746,-1.1674627
page477_M-12_a_c1_sym_037,page477_M-12_a_c1,-0.49622065,-0.69792384
page477_M-12_a_c1_sym_038,page477_M-12_a_c1,-1.8189194,-1.2332199
page477_M-12_a_c1_sym_039,page477_M-12_a_c1,-1.5029738,-1.1433524
page477_M-12_a_c1_sym_040,page477_M-12_a_c1,-0.3963514,-0.61586976
page477_M-12_a_c1_sym_041,page477_M-12_a_c1,-6.9002833,2.693133
page477_M-12_a_c1_sym_042,page477_M-12_a_c1,2.0153747,1.0237896
page477_M-12_a_c1_sym_043,page477_M-12_a_c1,-4.1099443,0.2859731
page477_M-12_a_c1_sym_044,page477_M-12_a_c1,-10.111211,6.5919313
page477_M-12_a_c1_sym_045,page477_M-12_a_c1,2.0153747,1.0237896
page477_M-12_a_c1_sym_046,page477_M-12_a_c1,-5.0749683,0.70695984
page477_M-12_a_c1_sym_047,page477_M-12_a_c1,-11.625606,11.323106
page477_M-12_a_c1_sym_048,page477_M-12_a_c1,-56.220314,81.84979
page477_M-12_a_c1_sym_049,page477_M-12_a_c1,2.0153747,1.0237896
page477_M-12_a_c1_sym_050,page477_M-12_a_c1,-1.7732363,-1.1410933
page477_M-12_a_c1_sym_051,page477_M-12_a_c1,-1.3869436,-1.1159158
page477_M-12_a_c1_sym_052,page477_M-12_a_c1,2.0153747,1.0237896
page479_M-17_a_c0_sym_001,page479_M-17_a_c0,-3.348308,-1.2473427
page480_M-19_A_c0_sym_001,page480_M-19_A_c0,-0.8476385,-0.9458839
page480_M-19_A_c0_sym_002,page480_M-19_A_c0,-1.2949411,-1.1473467
page480_M-20_A_c0_sym_001,page480_M-20_A_c0,-0.8476385,-0.9458839
page480_M-20_A_c0_sym_002,page480_M-20_A_c0,-1.2949411,-1.1473467
page480_M-21_A_c0_sym_001,page480_M-21_A_c0,-1.0491428,-1.1191516
page481_M-23_A_c0_sym_001,page481_M-23_A_c0,-1.0459496,-1.1190054
page481_M-23_A_c0_sym_002,page481_M-23_A_c0,-0.07029621,-0.39549562
page481_M-23_A_c0_sym_003,page481_M-23_A_c0,-1.1995018,-1.0782719
page481_M-24_A_c0_sym_001,page481_M-24_A_c0,-1.0459496,-1.1190054
page481_M-24_A_c0_sym_002,page481_M-24_A_c0,-0.07029621,-0.39549562
page481_M-24_A_c0_sym_003,page481_M-24_A_c0,-1.1995018,-1.0782719
page485_M-34_a_bis_c1_sym_001,page485_M-34_a_bis_c1,0.6151298,0.07184002
page485_M-34_a_c1_sym_001,page485_M-34_a_c1,0.6151298,0.07184002
page486_M-36_A_c0_sym_001,page486_M-36_A_c0,-0.7347528,-0.88813144
page486_M-36_A_c0_sym_002,page486_M-36_A_c0,0.6687771,0.16032591
page486_M-36_A_c0_sym_003,page486_M-36_A_c0,2.9241898,1.9765884
page486_M-36_A_c0_sym_004,page486_M-36_A_c0,0.535361,0.06628891
page486_M-36_A_c0_sym_005,page486_M-36_A_c0,0.6704514,0.10397299
page486_M-36_A_c0_sym_006,page486_M-36_A_c0,-1.1945567,-1.1170492
page486_M-36_A_c0_sym_007,page486_M-36_A_c0,2.2703323,1.3939794
page486_M-36_A_c0_sym_008,page486_M-36_A_c0,0.1315848,-0.28038648
page486_M-36_A_c0_sym_009,page486_M-36_A_c0,0.953411,0.30065084
page486_M-36_A_c0_sym_010,page486_M-36_A_c0,2.009204,1.2048607
page486_M-36_A_c0_sym_011,page486_M-36_A_c0,-2.4555733,-1.3817115
page486_M-36_A_c0_sym_012,page486_M-36_A_c0,1.0768718,0.41768506
page486_M-36_A_c0_sym_013,page486_M-36_A_c0,2.5961297,1.7252098
page486_M-36_A_c0_sym_014,page486_M-36_A_c0,-1.5200768,-1.1446074
page486_M-36_A_c0_sym_015,page486_M-36_A_c0,0.77095,0.21117128
page486_M-36_A_c0_sym_016,page486_M-36_A_c0,1.8926154,1.0248158
page486_M-36_A_c0_sym_017,page486_M-36_A_c0,0.28792894,-0.15467142
page486_M-36_A_c0_sym_018,page486_M-36_A_c0,1.441921,0.6910634
page486_M-36_A_c0_sym_019,page486_M-36_A_c0,0.37841427,-0.07983921
page486_M-36_A_c0_sym_020,page486_M-36_A_c0,-2.7335997,-1.3897345
page486_M-36_A_c0_sym_021,page486_M-36_A_c0,4.415359,3.1027684
page486_M-36_A_c0_sym_022,page486_M-36_A_c0,0.42101085,-0.046383027
page486_M-36_A_c0_sym_023,page486_M-36_A_c0,-0.29116297,-0.53364897
page486_M-36_A_c0_sym_024,page486_M-36_A_c0,1.1783719,0.48626247
page486_M-36_A_c0_sym_025,page486_M-36_A_c0,0.087470464,-0.27260435
page486_M-36_A_c0_sym_026,page486_M-36_A_c0,0.9221831,0.30241752
page486_M-36_A_c0_sym_027,page486_M-36_A_c0,-0.13275063,-0.4469769
page486_M-36_A_c0_sym_028,page486_M-36_A_c0,0.90532523,0.31474805
page486_M-36_A_c0_sym_029,page486_M-36_A_c0,0.30547577,-0.15411218
page486_M-36_A_c0_sym_030,page486_M-36_A_c0,-1.7749512,-1.2146738
page486_M-36_A_c0_sym_031,page486_M-36_A_c0,0.5200367,0.06314617
page486_M-36_A_c0_sym_032,page486_M-36_A_c0,-0.32572556,-0.50336576
page486_M-36_A_c0_sym_033,page486_M-36_A_c0,-3.2262795,-1.2959747
page486_M-36_A_c0_sym_034,page486_M-36_A_c0,-3.595345,-1.0850676
page486_M-36_A_c0_sym_035,page486_M-36_A_c0,-2.9326568,-1.2921567
page486_M-36_A_c0_sym_036,page486_M-36_A_c0,-1.7896512,-1.1654594
page486_M-36_A_c0_sym_037,page486_M-36_A_c0,-2.873531,-1.2541176
page486_M-36_A_c0_sym_038,page486_M-36_A_c0,-3.7331085,-0.9888552
page486_M-36_A_c0_sym_039,page486_M-36_A_c0,-2.87869,-1.2296739
page486_M-37_A_c0_sym_001,page486_M-37_A_c0,-0.7347528,-0.88813144
page486_M-37_A_c0_sym_002,page486_M-37_A_c0,0.6687771,0.16032591
page486_M-37_A_c0_sym_003,page486_M-37_A_c0,2.9241898,1.9765884
page486_M-37_A_c0_sym_004,page486_M-37_A_c0,0.535361,0.06628891
page486_M-37_A_c0_sym_005,page486_M-37_A_c0,0.6704514,0.10397299
page486_M-37_A_c0_sym_006,page486_M-37_A_c0,-1.1945567,-1.1170492
page486_M-37_A_c0_sym_007,page486_M-37_A_c0,2.2703323,1.3939794
page486_M-37_A_c0_sym_008,page486_M-37_A_c0,0.1315848,-0.28038648
page486_M-37_A_c0_sym_009,page486_M-37_A_c0,0.953411,0.30065084
page486_M-37_A_c0_sym_010,page486_M-37_A_c0,2.009204,1.2048607
page486_M-37_A_c0_sym_011,page486_M-37_A_c0,-2.4555733,-1.3817115
page486_M-37_A_c0_sym_012,page486_M-37_A_c0,1.0768718,0.41768506
page486_M-37_A_c0_sym_013,page486_M-37_A_c0,2.5961297,1.7252098
page486_M-37_A_c0_sym_014,page486_M-37_A_c0,-1.5200768,-1.1446074
page486_M-37_A_c0_sym_015,page486_M-37_A_c0,0.77095,0.21117128
page486_M-37_A_c0_sym_016,page486_M-37_A_c0,1.8926154,1.0248158
page486_M-37_A_c0_sym_017,page486_M-37_A_c0,0.28792894,-0.15467142
page486_M-37_A_c0_sym_018,page486_M-37_A_c0,1.441921,0.6910634
page486_M-37_A_c0_sym_019,page486_M-37_A_c0,0.37841427,-0.07983921
page486_M-37_A_c0_sym_020,page486_M-37_A_c0,-2.7335997,-1.3897345
page486_M-37_A_c0_sym_021,page486_M-37_A_c0,4.415359,3.1027684
page486_M-37_A_c0_sym_022,page486_M-37_A_c0,0.42101085,-0.046383027
page486_M-37_A_c0_sym_023,page486_M-37_A_c0,-0.29116297,-0.53364897
page486_M-37_A_c0_sym_024,page486_M-37_A_c0,1.1783719,0.48626247
page486_M-37_A_c0_sym_025,page486_M-37_A_c0,0.087470464,-0.27260435
page486_M-37_A_c0_sym_026,page486_M-37_A_c0,0.9221831,0.30241752
page486_M-37_A_c0_sym_027,page486_M-37_A_c0,-0.13275063,-0.4469769
page486_M-37_A_c0_sym_028,page486_M-37_A_c0,0.90532523,0.31474805
page486_M-37_A_c0_sym_029,page486_M-37_A_c0,0.30547577,-0.15411218
page486_M-37_A_c0_sym_030,page486_M-37_A_c0,-1.7749512,-1.2146738
page486_M-37_A_c0_sym_031,page486_M-37_A_c0,0.5200367,0.06314617
page486_M-37_A_c0_sym_032,page486_M-37_A_c0,-0.32572556,-0.50336576
page486_M-37_A_c0_sym_033,page486_M-37_A_c0,-3.2262795,-1.2959747
page486_M-37_A_c0_sym_034,page486_M-37_A_c0,-3.595345,-1.0850676
page486_M-37_A_c0_sym_035,page486_M-37_A_c0,-2.9326568,-1.2921567
page486_M-37_A_c0_sym_036,page486_M-37_A_c0,-1.7896512,-1.1654594
page486_M-37_A_c0_sym_037,page486_M-37_A_c0,-2.873531,-1.2541176
page486_M-37_A_c0_sym_038,page486_M-37_A_c0,-3.7331085,-0.9888552
page486_M-37_A_c0_sym_039,page486_M-37_A_c0,-2.87869,-1.2296739
page487_M-38_A_c0_sym_001,page487_M-38_A_c0,-0.13683653,-0.4589046
page487_M-39_c0_sym_001,page487_M-39_c0,-0.13683653,-0.4589046
page487_M-40_c0_sym_001,page487_M-40_c0,0.4720167,-0.005488139
page488_M-43_c0_sym_001,page488_M-43_c0,0.05598943,-0.32084686
page489_M-46_a_c1_sym_001,page489_M-46_a_c1,-0.38914448,-0.597708
page489_M-46_a_c1_sym_002,page489_M-46_a_c1,0.5577594,0.098829485
page489_M-46_a_c1_sym_003,page489_M-46_a_c1,0.49297446,0.035637558
page489_M-46_a_c1_sym_004,page489_M-46_a_c1,-0.17316598,-0.45666456
page489_M-46_a_c1_sym_005,page489_M-46_a_c1,0.82585,0.31227076
page489_M-46_a_c1_sym_006,page489_M-46_a_c1,-0.30444756,-0.57489604
page489_M-46_a_c1_sym_007,page489_M-46_a_c1,-0.37100968,-0.60335267
page489_M-46_a_c1_sym_008,page489_M-46_a_c1,-2.9239123,-1.2870542
page489_M-46_a_c1_sym_009,page489_M-46_a_c1,-0.109137826,-0.37080157
page489_M-46_a_c1_sym_010,page489_M-46_a_c1,1.2557973,0.6421204
page489_M-46_a_c1_sym_011,page489_M-46_a_c1,-0.21173084,-0.48863706
page489_M-46_a_c1_sym_012,page489_M-46_a_c1,0.7571583,0.25104234
page489_M-46_a_c1_sym_013,page489_M-46_a_c1,-0.5747687,-0.7720876
page489_M-46_a_c1_sym_014,page489_M-46_a_c1,-0.20091115,-0.49091905
page489_M-46_a_c1_sym_015,page489_M-46_a_c1,1.5078468,0.77094465
page489_M-46_a_c1_sym_016,page489_M-46_a_c1,-0.08846897,-0.42773038
page489_M-46_a_c1_sym_017,page489_M-46_a_c1,2.877605,1.8732362
page489_M-46_a_c1_sym_018,page489_M-46_a_c1,0.7178393,0.16163658
page489_M-46_a_c1_sym_019,page489_M-46_a_c1,0.023057012,-0.36761954
page489_M-46_a_c1_sym_020,page489_M-46_a_c1,0.20083994,-0.20300706
page489_M-46_a_c1_sym_021,page489_M-46_a_c1,0.39915213,-0.0826598
page489_M-46_a_c1_sym_022,page489_M-46_a_c1,0.606367,0.1656591
page489_M-46_a_c1_sym_023,page489_M-46_a_c1,1.9274423,1.1423259
page489_M-46_a_c1_sym_024,page489_M-46_a_c1,1.9627302,1.2134964
page490_M-47_A_c0_sym_001,page490_M-47_A_c0,-0.42879242,-0.5961215
page490_M-47_A_c0_sym_002,page490_M-47_A_c0,1.3192874,0.6049812
page490_M-49_a_c1_sym_001,page490_M-49_a_c1,-1.0381931,-1.1175519
page490_M-49_a_c1_sym_002,page490_M-49_a_c1,1.9146963,1.145821
page491_M-51_A_c0_sym_001,page491_M-51_A_c0,0.25769028,-0.11172777
page493_M-36_a_c0_sym_001,page493_M-36_a_c0,-2.9932904,-1.2932297
page493_M-56_u_bis_c1_sym_001,page493_M-56_u_bis_c1,2.6129065,1.6849121
page493_M-57_A_c0_sym_001,page493_M-57_A_c0,-2.9932904,-1.2932297
page493_M-57_c1_sym_001,page493_M-57_c1,2.6129065,1.6849121
page495_M-61_A_c0_sym_001,page495_M-61_A_c0,-0.9543442,-1.0022682
page495_M-61_A_c0_sym_002,page495_M-61_A_c0,-0.8277514,-0.8640346
page495_M-61_A_c0_sym_003,page495_M-61_A_c0,-1.0292594,-1.1160686
page497_M-67_a_c1_sym_001,page497_M-67_a_c1,-1.0320411,-1.116549
page497_M-67_a_c1_sym_002,page497_M-67_a_c1,-0.84676886,-0.96338487
page497_M-68_A_c0_sym_001,page497_M-68_A_c0,0.06696193,-0.3056
page497_M-68_A_c0_sym_002,page497_M-68_A_c0,-0.83776367,-0.7889719
page497_M-68_A_c0_sym_003,page497_M-68_A_c0,-1.4318994,-1.1673616
page498_M-70_A_c0_sym_001,page498_M-70_A_c0,-1.0213995,-1.0070463
page498_M-70_A_c0_sym_002,page498_M-70_A_c0,-5.726562,-1.3468254
page498_M-70_A_c0_sym_003,page498_M-70_A_c0,-5.2951097,-1.231805
page498_M-71_c0_sym_001,page498_M-71_c0,-1.0213995,-1.0070463
page498_M-71_c0_sym_002,page498_M-71_c0,-5.726562,-1.3468254
page498_M-71_c0_sym_003,page498_M-71_c0,-5.2951097,-1.231805
page498_M-72_A_c0_sym_001,page498_M-72_A_c0,-0.7168107,-0.81038946
page498_M-72_B_c0_sym_001,page498_M-72_B_c0,-0.7168107,-0.81038946
page498_M-72_c0_sym_001,page498_M-72_c0,-0.7168107,-0.81038946
page499_M-74_a_bis_c1_sym_001,page499_M-74_a_bis_c1,-0.051688924,-0.33241698
page500_M-77_a_c0_sym_001,page500_M-77_a_c0,-1.1968932,-0.94327587
page500_M-77_a_c0_sym_002,page500_M-77_a_c0,0.46084788,-0.021102859
page502_M-84_A_c0_sym_001,page502_M-84_A_c0,-3.0738862,-1.1498253
page502_M-84_A_c0_sym_002,page502_M-84_A_c0,0.31355342,-0.115978606
page502_M-85_c1_sym_001,page502_M-85_c1,0.7473429,0.18612018
page502_M-85_c1_sym_002,page502_M-85_c1,-0.67311597,-0.83551407
page502_M-85_c1_sym_003,page502_M-85_c1,0.34844965,-0.061816536
page502_M-87_A_c0_sym_001,page502_M-87_A_c0,-0.7919807,-0.86608666
page503_M-89_c0_sym_001,page503_M-89_c0,-0.9975763,-0.89802366
page503_M-89_c0_sym_002,page503_M-89_c0,0.23143491,-0.1947866
page503_M-89_c0_sym_003,page503_M-89_c0,0.69673824,0.16016017
page503_M-89_c0_sym_004,page503_M-89_c0,0.65972084,0.10232346
page503_M-91_A_c1_sym_001,page503_M-91_A_c1,0.26270118,-0.16776603
page503_M-92_A_c0_sym_001,page503_M-92_A_c0,-0.9975763,-0.89802366
page503_M-92_A_c0_sym_002,page503_M-92_A_c0,0.23143491,-0.1947866
page503_M-92_A_c0_sym_003,page503_M-92_A_c0,0.69673824,0.16016017
page503_M-92_A_c0_sym_004,page503_M-92_A_c0,0.65972084,0.10232346
page504_M-95_a_bis_c1_sym_001,page504_M-95_a_bis_c1,0.32561624,-0.14599052
page504_M-95_a_c0_sym_001,page504_M-95_a_c0,3.3951185,2.3420398
page504_M-95_a_c0_sym_002,page504_M-95_a_c0,1.1900252,0.5090989
page504_M-96_a_c2_sym_001,page504_M-96_a_c2,-1.5793208,-0.27199984
page504_M-97_A_c0_sym_001,page504_M-97_A_c0,3.9330056,2.6946352
page504_M-98_A_c1_sym_001,page504_M-98_A_c1,0.32561624,-0.14599052
page504_M-99_A_c2_sym_001,page504_M-99_A_c2,-0.8875161,-0.9437257
page504_M-99_A_c2_sym_002,page504_M-99_A_c2,-0.8817953,-0.9429708
page505_M-100_A_c0_sym_001,page505_M-100_A_c0,4.1316423,2.8746774
page505_M-104_A_c0_sym_001,page505_M-104_A_c0,-0.8146284,-0.8240067
page505_M-14_b_c1_sym_001,page505_M-14_b_c1,-0.07755741,-0.3741592
page506_M-105_a_c0_sym_001,page506_M-105_a_c0,4.3081017,2.9835958
page506_M-106_a_c1_sym_001,page506_M-106_a_c1,-1.7382603,-1.1975478
page506_M-107_c0_sym_001,page506_M-107_c0,-0.69788975,-0.7481972
page506_M-109_A_c1_sym_001,page506_M-109_A_c1,-0.7373401,-0.68013185
page506_M-109_A_c1_sym_002,page506_M-109_A_c1,-0.95897204,-1.0185571
page506_M-109_A_c1_sym_003,page506_M-109_A_c1,-0.47567913,-0.7307965
page506_M-109_A_c1_sym_004,page506_M-109_A_c1,-0.088287845,-0.3818057
page507_M-113_c0_sym_001,page507_M-113_c0,-1.196353,-0.98753315
page507_M-113_c0_sym_002,page507_M-113_c0,-0.97674304,-1.006022
page507_M-113_c0_sym_003,page507_M-113_c0,0.068627216,-0.29969463
page508_M-120_a_c0_sym_001,page508_M-120_a_c0,0.19853586,-0.19973174
page508_M-120_a_c0_sym_002,page508_M-120_a_c0,1.7265496,0.8832498
page508_M-120_a_c0_sym_003,page508_M-120_a_c0,-1.5300243,-1.037311
page508_M-121_a_c1_sym_001,page508_M-121_a_c1,3.2627318,2.232875
page508_M-121_a_c1_sym_002,page508_M-121_a_c1,1.2625846,0.6718983
page508_M-121_a_c1_sym_003,page508_M-121_a_c1,5.0435343,3.5975082
page509_M-123_c0_sym_001,page509_M-123_c0,0.050765365,-0.30242845
page509_M-124_a_c1_sym_001,page509_M-124_a_c1,1.3808718,0.65931696
page509_M-124_c0_sym_001,page509_M-124_c0,1.3808718,0.65931696
page509_M-126_A_c0_sym_001,page509_M-126_A_c0,0.050765365,-0.30242845
page509_M-126_c0_sym_001,page509_M-126_c0,0.050765365,-0.30242845
page509_M-127_A_c1_sym_001,page509_M-127_A_c1,1.4320186,0.825957
page511_M-135_A_c1_sym_001,page511_M-135_A_c1,-1.9677136,-0.9846663
page511_M-135_A_c1_sym_002,page511_M-135_A_c1,-0.096690595,-0.4032917
page511_M-135_A_c1_sym_003,page511_M-135_A_c1,1.889186,1.1904877
page511_M-136_i_c0_sym_001,page511_M-136_i_c0,-0.9952035,-0.87209284
page511_M-137_A_c0_sym_001,page511_M-137_A_c0,-1.9677136,-0.9846663
page511_M-137_A_c0_sym_002,page511_M-137_A_c0,-0.096690595,-0.4032917
page511_M-137_A_c0_sym_003,page511_M-137_A_c0,1.889186,1.1904877
page511_M-137_a_c1_sym_001,page511_M-137_a_c1,-1.9677136,-0.9846663
page511_M-137_a_c1_sym_002,page511_M-137_a_c1,-0.096690595,-0.4032917
page511_M-137_a_c1_sym_003,page511_M-137_a_c1,1.889186,1.1904877
page512_M-141_A_c0_sym_001,page512_M-141_A_c0,-1.8377619,-1.0087166
page512_M-144_a_c2_sym_001,page512_M-144_a_c2,-0.6211174,-0.7120475
page512_M-144_c2_sym_001,page512_M-144_c2,-1.8377619,-1.0087166
page513_M-145_a_c0_sym_001,page513_M-145_a_c0,-0.89693516,-0.84196806
page513_M-145_a_c0_sym_002,page513_M-145_a_c0,-0.52433574,-0.6532457
page513_M-145_a_c0_sym_003,page513_M-145_a_c0,-0.94386435,-0.8439737
page513_M-145_a_c0_sym_004,page513_M-145_a_c0,1.365676,0.635693
page513_M-146_A_c0_sym_001,page513_M-146_A_c0,-1.0535996,-0.94764775
page514_M-150_A_c0_sym_001,page514_M-150_A_c0,4.0257363,2.776386
page514_M-152_A_c2_sym_001,page514_M-152_A_c2,-0.17594746,-0.44171256
page514_M-154_A_c1_sym_001,page514_M-154_A_c1,-0.81776816,-0.74798787
page514_M-1_I_c0_sym_001,page514_M-1_I_c0,-0.81776816,-0.74798787
page515_M-156_a_c0_sym_001,page515_M-156_a_c0,-0.4668399,-0.6739169
page515_M-161_c2_sym_001,page515_M-161_c2,-0.97533154,-0.92534757
page516_M-162_a_c0_sym_001,page516_M-162_a_c0,0.45488185,-0.0076548033
page516_M-163_A_c0_sym_001,page516_M-163_A_c0,0.25368246,-0.05836842
page516_M-164_c0_sym_001,page516_M-164_c0,2.3705063,1.5310051
page516_M-164_c0_sym_002,page516_M-164_c0,0.6141871,0.106145374
page516_M-164_c0_sym_003,page516_M-164_c0,1.4274099,0.6893454
page516_M-164_c0_sym_004,page516_M-164_c0,0.5152314,0.006046561
page516_M-164_c0_sym_005,page516_M-164_c0,0.91039324,0.29557627
page516_M-164_c0_sym_006,page516_M-164_c0,0.9537294,0.33301723
page516_M-164_c0_sym_007,page516_M-164_c0,1.0829779,0.41584796
page516_M-164_c0_sym_008,page516_M-164_c0,2.3058994,1.4255285
page516_M-164_c0_sym_009,page516_M-164_c0,0.74353445,0.21981253
page516_M-164_c0_sym_010,page516_M-164_c0,-0.2640698,-0.49604756
page516_M-164_c0_sym_011,page516_M-164_c0,0.81844467,0.23547511
page516_M-164_c0_sym_012,page516_M-164_c0,-0.44110706,-0.5739687
page516_M-164_c0_sym_013,page516_M-164_c0,1.0855105,0.40055642
page516_M-164_c0_sym_014,page516_M-164_c0,0.50456184,0.018432593
page516_M-164_c0_sym_015,page516_M-164_c0,0.91739714,0.29994795
page516_M-164_c0_sym_016,page516_M-164_c0,1.2779216,0.67724496
page516_M-164_c0_sym_017,page516_M-164_c0,0.70245254,0.19034545
page516_M-164_c0_sym_018,page516_M-164_c0,-0.17758638,-0.45579883
page516_M-164_c0_sym_019,page516_M-164_c0,0.9639345,0.3262876
page516_M-164_c0_sym_020,page516_M-164_c0,0.24600245,-0.19738746
page516_M-164_c0_sym_021,page516_M-164_c0,1.5020769,0.7558596
page516_M-164_c0_sym_022,page516_M-164_c0,0.9020484,0.3936413
page516_M-164_c0_sym_023,page516_M-164_c0,-0.48603797,-0.51608026
page516_M-166_A_c1_sym_001,page516_M-166_A_c1,0.25368246,-0.05836842
page516_M-167_A_c2_sym_001,page516_M-167_A_c2,2.3705063,1.5310051
page516_M-167_A_c2_sym_002,page516_M-167_A_c2,0.6141871,0.106145374
page516_M-167_A_c2_sym_003,page516_M-167_A_c2,1.4274099,0.6893454
page516_M-167_A_c2_sym_004,page516_M-167_A_c2,0.5152314,0.006046561
page516_M-167_A_c2_sym_005,page516_M-167_A_c2,0.91039324,0.29557627
page516_M-167_A_c2_sym_006,page516_M-167_A_c2,0.9537294,0.33301723
page516_M-167_A_c2_sym_007,page516_M-167_A_c2,1.0829779,0.41584796
page516_M-167_A_c2_sym_008,page516_M-167_A_c2,2.3058994,1.4255285
page516_M-167_A_c2_sym_009,page516_M-167_A_c2,0.74353445,0.21981253
page516_M-167_A_c2_sym_010,page516_M-167_A_c2,-0.2640698,-0.49604756
page516_M-167_A_c2_sym_011,page516_M-167_A_c2,0.81844467,0.23547511
page516_M-167_A_c2_sym_012,page516_M-167_A_c2,-0.44110706,-0.5739687
page516_M-167_A_c2_sym_013,page516_M-167_A_c2,1.0855105,0.40055642
page516_M-167_A_c2_sym_014,page516_M-167_A_c2,0.50456184,0.018432593
page516_M-167_A_c2_sym_015,page516_M-167_A_c2,0.91739714,0.29994795
page516_M-167_A_c2_sym_016,page516_M-167_A_c2,1.2779216,0.67724496
page516_M-167_A_c2_sym_017,page516_M-167_A_c2,0.70245254,0.19034545
page516_M-167_A_c2_sym_018,page516_M-167_A_c2,-0.17758638,-0.45579883
page516_M-167_A_c2_sym_019,page516_M-167_A_c2,0.9639345,0.3262876
page516_M-167_A_c2_sym_020,page516_M-167_A_c2,0.24600245,-0.19738746
page516_M-167_A_c2_sym_021,page516_M-167_A_c2,1.5020769,0.7558596
page516_M-167_A_c2_sym_022,page516_M-167_A_c2,0.9020484,0.3936413
page516_M-167_A_c2_sym_023,page516_M-167_A_c2,-0.48603797,-0.51608026
page517_M-168_a_c0_sym_001,page517_M-168_a_c0,-0.86399525,-0.96270776
page517_M-168_a_c0_sym_002,page517_M-168_a_c0,4.4760914,3.1269324
page517_M-169_a_c2_sym_001,page517_M-169_a_c2,4.5192213,3.1730583
page517_M-171_a_c1_sym_001,page517_M-171_a_c1,-0.5101455,-0.6263051
page518_M-174_A_c1_sym_001,page518_M-174_A_c1,-0.74911135,-0.8122748
page518_M-177_A_c2_sym_001,page518_M-177_A_c2,-0.74911135,-0.8122748
page518_M-177_a_c3_sym_001,page518_M-177_a_c3,1.7892094,1.0386201
page518_M-177_a_c3_sym_002,page518_M-177_a_c3,1.4103197,0.6714971
page518_M-177_a_c3_sym_003,page518_M-177_a_c3,0.17828555,-0.1845929
page518_M-178_A_c0_sym_001,page518_M-178_A_c0,0.6006748,0.27267596
page518_M-178_a_c1_sym_001,page518_M-178_a_c1,0.6717742,0.1342726
page518_M-178_a_c1_sym_002,page518_M-178_a_c1,-0.2280187,-0.43930545
page518_M-179_A_c2_sym_001,page518_M-179_A_c2,-0.74911135,-0.8122748
page519_M-182_a_c0_sym_001,page519_M-182_a_c0,0.64974236,0.22354446
page519_M-184_A_c0_sym_001,page519_M-184_A_c0,-1.2222445,-0.9576366
page519_M-184_A_c0_sym_002,page519_M-184_A_c0,-1.1116604,-0.97639173
page519_M-184_a_c1_sym_001,page519_M-184_a_c1,0.64974236,0.22354446
page519_M-185_A_c2_sym_001,page519_M-185_A_c2,1.6646026,1.0085275
page519_M-186_A_c0_sym_001,page519_M-186_A_c0,-1.2222445,-0.9576366
page519_M-186_A_c0_sym_002,page519_M-186_A_c0,-1.1116604,-0.97639173
page519_M-186_a_c1_sym_001,page519_M-186_a_c1,0.64974236,0.22354446
page519_M-188_A_c0_sym_001,page519_M-188_A_c0,-1.2222445,-0.9576366
page519_M-188_A_c0_sym_002,page519_M-188_A_c0,-1.1116604,-0.97639173
page519_M-188_a_c1_sym_001,page519_M-188_a_c1,0.64974236,0.22354446
page520_M-190_a_c1_sym_001,page520_M-190_a_c1,0.20912266,-0.17045197
page520_M-191_a_c1_sym_001,page520_M-191_a_c1,4.277852,2.9393578
page520_M-192_A_c2_sym_001,page520_M-192_A_c2,-1.1891489,-0.9371791
page520_M-192_a_c3_sym_001,page520_M-192_a_c3,-0.37365103,-0.5676248
page520_M-192_a_c3_sym_002,page520_M-192_a_c3,-1.013105,-0.7499856
page520_M-193_a_c1_sym_001,page520_M-193_a_c1,4.277852,2.9393578
page520_M-194_A_c2_sym_001,page520_M-194_A_c2,-1.1891489,-0.9371791
page520_M-194_a_c3_sym_001,page520_M-194_a_c3,-0.37365103,-0.5676248
page520_M-194_a_c3_sym_002,page520_M-194_a_c3,-1.013105,-0.7499856
page520_M-195_a_c1_sym_001,page520_M-195_a_c1,-1.2772739,-1.0409726
page520_M-196_c3_sym_001,page520_M-196_c3,-0.3474998,-0.53689533
page520_M-197_a_c1_sym_001,page520_M-197_a_c1,-1.2772739,-1.0409726
page520_M-198_A_c2_sym_001,page520_M-198_A_c2,0.9087584,0.30830762
page520_M-198_a_c3_sym_001,page520_M-198_a_c3,-0.3474998,-0.53689533
page521_M-199_A_c0_sym_001,page521_M-199_A_c0,-1.0341462,-0.9291944
page521_M-199_A_c0_sym_002,page521_M-199_A_c0,-0.31348994,-0.56889206
page521_M-199_A_c0_sym_003,page521_M-199_A_c0,4.8796997,3.4460704
page521_M-199_a_c1_sym_001,page521_M-199_a_c1,0.29571906,-0.113581516
page521_M-200_a_c3_sym_001,page521_M-200_a_c3,-0.9211078,-0.88099074
page521_M-200_a_c3_sym_002,page521_M-200_a_c3,0.12963292,-0.26892233
page521_M-200_a_c3_sym_003,page521_M-200_a_c3,-1.4767072,-1.1588864
page521_M-201_a_c1_sym_001,page521_M-201_a_c1,-1.0743724,-0.90747124
page521_M-202_A_c2_sym_001,page521_M-202_A_c2,-0.9744788,-0.90394837
page521_M-202_a_c3_sym_001,page521_M-202_a_c3,-0.8776978,-0.71883625
page521_M-203_a_c1_sym_001,page521_M-203_a_c1,-1.0743724,-0.90747124
page521_M-204_A_c2_sym_001,page521_M-204_A_c2,-0.9744788,-0.90394837
page521_M-204_a_c3_sym_001,page521_M-204_a_c3,-0.8776978,-0.71883625
page521_M-205_a_c1_sym_001,page521_M-205_a_c1,0.33165225,-0.121776976
page521_M-205_a_c1_sym_002,page521_M-205_a_c1,-0.991946,-1.0412858
page521_M-205_a_c1_sym_003,page521_M-205_a_c1,0.9434322,0.31846136
page521_M-206_A_c2_sym_001,page521_M-206_A_c2,-0.9744788,-0.90394837
page521_M-206_a_c3_sym_001,page521_M-206_a_c3,-0.8776978,-0.71883625
page521_M-207_c1_sym_001,page521_M-207_c1,0.33165225,-0.121776976
page521_M-207_c1_sym_002,page521_M-207_c1,-0.991946,-1.0412858
page521_M-207_c1_sym_003,page521_M-207_c1,0.9434322,0.31846136
page521_M-208_A_c2_sym_001,page521_M-208_A_c2,4.3773675,3.0223286
page521_M-208_a_c3_sym_001,page521_M-208_a_c3,-0.57749087,-0.71221465
page521_M-208_a_c3_sym_002,page521_M-208_a_c3,2.008975,1.216484
page521_M-208_a_c3_sym_003,page521_M-208_a_c3,1.4488766,0.76532155
page521_M-208_a_c3_sym_004,page521_M-208_a_c3,-0.38867423,-0.58734775
page521_M-208_a_c3_sym_005,page521_M-208_a_c3,1.1745433,0.49522513
page521_M-208_a_c3_sym_006,page521_M-208_a_c3,-0.38400677,-0.59679675
page521_M-208_a_c3_sym_007,page521_M-208_a_c3,-0.36873767,-0.59383756
page521_M-208_a_c3_sym_008,page521_M-208_a_c3,-0.47906664,-0.63415
page521_M-208_a_c3_sym_009,page521_M-208_a_c3,1.8993394,1.1112785
page521_M-208_a_c3_sym_010,page521_M-208_a_c3,0.7876569,0.19859356
page521_M-208_a_c3_sym_011,page521_M-208_a_c3,1.9325984,1.1417665
page522_E-5_c0_sym_001,page522_E-5_c0,-0.3193216,-0.5030727
page522_M-209_A_c0_sym_001,page522_M-209_A_c0,1.2698324,0.6702225
page522_M-210_A_c0_sym_001,page522_M-210_A_c0,-0.8925012,-0.8912033
page522_M-210_A_c0_sym_002,page522_M-210_A_c0,0.24443144,-0.17026252
page522_M-210_a_c1_sym_001,page522_M-210_a_c1,-0.13104539,-0.44707325
page522_M-210_a_c1_sym_002,page522_M-210_a_c1,0.70234084,0.1633635
page522_M-210_a_c1_sym_003,page522_M-210_a_c1,1.623088,0.91596967
page522_M-210_a_c1_sym_004,page522_M-210_a_c1,1.38892,0.6615383
page522_M-210_a_c1_sym_005,page522_M-210_a_c1,-0.15942761,-0.42441818
page522_M-210_a_c1_sym_006,page522_M-210_a_c1,1.4254884,0.70178664
page522_M-210_a_c1_sym_007,page522_M-210_a_c1,0.83133036,0.23117983
page522_M-210_a_c1_sym_008,page522_M-210_a_c1,-0.14392036,-0.42251232
page522_M-210_a_c1_sym_009,page522_M-210_a_c1,1.3892188,0.72961086
page522_M-210_a_c1_sym_010,page522_M-210_a_c1,0.44280362,-0.040375944
page522_M-210_a_c1_sym_011,page522_M-210_a_c1,1.6914065,0.9371059
page522_M-210_a_c1_sym_012,page522_M-210_a_c1,0.74026996,0.20177017
page522_M-210_a_c1_sym_013,page522_M-210_a_c1,1.102049,0.4198736
page522_M-210_a_c1_sym_014,page522_M-210_a_c1,-0.14669836,-0.42684042
page522_M-211_A_c0_sym_001,page522_M-211_A_c0,-0.33232817,-0.5754164
page522_M-211_A_c0_sym_002,page522_M-211_A_c0,-0.025559887,-0.3616587
page522_M-211_A_c0_sym_003,page522_M-211_A_c0,0.2121495,-0.20920713
page522_M-211_A_c0_sym_004,page522_M-211_A_c0,-0.92761606,-0.8573952
page522_M-211_A_c0_sym_005,page522_M-211_A_c0,4.7565093,3.3257065
page522_M-211_a_c1_sym_001,page522_M-211_a_c1,1.2698324,0.6702225
page522_M-212_A_c0_sym_001,page522_M-212_A_c0,-1.1285989,-0.9014786
page522_M-213_A_bis_c0_sym_001,page522_M-213_A_bis_c0,-0.3193216,-0.5030727
page522_M-214_a_c2_sym_001,page522_M-214_a_c2,-0.13104539,-0.44707325
page522_M-214_a_c2_sym_002,page522_M-214_a_c2,0.70234084,0.1633635
page522_M-214_a_c2_sym_003,page522_M-214_a_c2,1.623088,0.91596967
page522_M-214_a_c2_sym_004,page522_M-214_a_c2,1.38892,0.6615383
page522_M-214_a_c2_sym_005,page522_M-214_a_c2,-0.15942761,-0.42441818
page522_M-214_a_c2_sym_006,page522_M-214_a_c2,1.4254884,0.70178664
page522_M-214_a_c2_sym_007,page522_M-214_a_c2,0.83133036,0.23117983
page522_M-214_a_c2_sym_008,page522_M-214_a_c2,-0.14392036,-0.42251232
page522_M-214_a_c2_sym_009,page522_M-214_a_c2,1.3892188,0.72961086
page522_M-214_a_c2_sym_010,page522_M-214_a_c2,0.44280362,-0.040375944
page522_M-214_a_c2_sym_011,page522_M-214_a_c2,1.6914065,0.9371059
page522_M-214_a_c2_sym_012,page522_M-214_a_c2,0.74026996,0.20177017
page522_M-214_a_c2_sym_013,page522_M-214_a_c2,1.102049,0.4198736
page522_M-214_a_c2_sym_014,page522_M-214_a_c2,-0.14669836,-0.42684042
page522_M-215_a_c1_sym_001,page522_M-215_a_c1,-0.13104539,-0.44707325
page522_M-215_a_c1_sym_002,page522_M-215_a_c1,0.70234084,0.1633635
page522_M-215_a_c1_sym_003,page522_M-215_a_c1,1.623088,0.91596967
page522_M-215_a_c1_sym_004,page522_M-215_a_c1,1.38892,0.6615383
page522_M-215_a_c1_sym_005,page522_M-215_a_c1,-0.15942761,-0.42441818
page522_M-215_a_c1_sym_006,page522_M-215_a_c1,1.4254884,0.70178664
page522_M-215_a_c1_sym_007,page522_M-215_a_c1,0.83133036,0.23117983
page522_M-215_a_c1_sym_008,page522_M-215_a_c1,-0.14392036,-0.42251232
page522_M-215_a_c1_sym_009,page522_M-215_a_c1,1.3892188,0.72961086
page522_M-215_a_c1_sym_010,page522_M-215_a_c1,0.44280362,-0.040375944
page522_M-215_a_c1_sym_011,page522_M-215_a_c1,1.6914065,0.9371059
page522_M-215_a_c1_sym_012,page522_M-215_a_c1,0.74026996,0.20177017
page522_M-215_a_c1_sym_013,page522_M-215_a_c1,1.102049,0.4198736
page522_M-215_a_c1_sym_014,page522_M-215_a_c1,-0.14669836,-0.42684042
page522_M-216_A_c0_sym_001,page522_M-216_A_c0,-0.3193216,-0.5030727
page522_M-216_a_c1_sym_001,page522_M-216_a_c1,-1.1285989,-0.9014786
page522_M-217_a_c3_sym_001,page522_M-217_a_c3,0.77530634,0.20558925
page522_M-217_a_c3_sym_002,page522_M-217_a_c3,-0.2271106,-0.44844878
page522_M-217_a_c3_sym_003,page522_M-217_a_c3,1.0400106,0.4743866
page523_M-218_A_c0_sym_001,page523_M-218_A_c0,-0.041562155,-0.33426842
page523_M-218_A_c0_sym_002,page523_M-218_A_c0,-1.200826,-0.94333774
page523_M-218_a_c1_sym_001,page523_M-218_a_c1,0.51027167,0.14784478
page523_M-219_a_c2_sym_001,page523_M-219_a_c2,-1.0499426,-0.88859344
page523_M-222_c0_sym_001,page523_M-222_c0,-1.0499426,-0.88859344
page524_M-227_A_c2_sym_001,page524_M-227_A_c2,-0.9399451,-0.8728183
page524_M-228_A_c3_sym_001,page524_M-228_A_c3,-1.6877165,-1.0984598
page524_M-228_u_c3_sym_001,page524_M-228_u_c3,-1.6877165,-1.0984598
page524_M-230_A_c0_sym_001,page524_M-230_A_c0,-1.6877165,-1.0984598
page524_M-232_A_c0_sym_001,page524_M-232_A_c0,-1.2514243,-0.9833494
page525_M-234_A_c0_sym_001,page525_M-234_A_c0,-2.8934042,-1.2889172
page525_M-234_A_c0_sym_002,page525_M-234_A_c0,-2.992724,-1.2958772
page525_M-235_A_c0_sym_001,page525_M-235_A_c0,-2.8934042,-1.2889172
page525_M-235_A_c0_sym_002,page525_M-235_A_c0,-2.992724,-1.2958772
page525_M-236_A_c0_sym_001,page525_M-236_A_c0,-2.8934042,-1.2889172
page525_M-236_A_c0_sym_002,page525_M-236_A_c0,-2.992724,-1.2958772
page527_M-240_a_c1_sym_001,page527_M-240_a_c1,1.1568204,0.5277742
page527_M-241_c0_sym_001,page527_M-241_c0,1.30818,0.7312462
page527_M-242_c0_sym_001,page527_M-242_c0,1.30818,0.7312462
page528_M-243_A_c0_sym_001,page528_M-243_A_c0,-2.878162,-1.1371415
page528_M-243_A_c0_sym_002,page528_M-243_A_c0,-0.76760787,-0.7753427
page528_M-243_A_c0_sym_003,page528_M-243_A_c0,-0.71403337,-0.73682344
page529_M-251_A_c0_sym_001,page529_M-251_A_c0,3.5414765,2.4098163
page529_M-253_A_c0_sym_001,page529_M-253_A_c0,3.5414765,2.4098163
page529_M-253_a_c1_sym_001,page529_M-253_a_c1,3.2641337,2.154247
page529_M-254_A_c2_sym_001,page529_M-254_A_c2,-1.3486457,-0.96421057
page529_M-254_A_c2_sym_002,page529_M-254_A_c2,-1.5166293,-0.96898395
page529_M-255_A_bis_c0_sym_001,page529_M-255_A_bis_c0,-1.2031331,-0.9391238
page529_M-255_A_bis_c0_sym_002,page529_M-255_A_bis_c0,0.86146796,0.2716902
page529_M-255_A_bis_c0_sym_003,page529_M-255_A_bis_c0,0.021432716,-0.32347172
page529_M-255_A_bis_c0_sym_004,page529_M-255_A_bis_c0,-1.0436985,-0.8944945
page529_M-255_A_c0_sym_001,page529_M-255_A_c0,3.2641337,2.154247
page530_M-256_A_c0_sym_001,page530_M-256_A_c0,-1.3506255,-0.90528244
page530_M-257_A_c0_sym_001,page530_M-257_A_c0,5.168361,3.6522331
page530_M-257_a_c1_sym_001,page530_M-257_a_c1,-1.3506255,-0.90528244
page531_M-258_A_c0_sym_001,page531_M-258_A_c0,-1.039342,-1.1176538
page531_M-258_A_c0_sym_002,page531_M-258_A_c0,-0.6358032,-0.69476134
page531_M-258_A_c0_sym_003,page531_M-258_A_c0,-1.5178971,-0.90682656
page531_M-258_A_c0_sym_004,page531_M-258_A_c0,-2.403231,-0.9519265
page531_M-258_a_c1_sym_001,page531_M-258_a_c1,1.5169009,0.89435226
page531_M-259_A_c0_sym_001,page531_M-259_A_c0,-1.039342,-1.1176538
page531_M-259_A_c0_sym_002,page531_M-259_A_c0,-0.6358032,-0.69476134
page531_M-259_A_c0_sym_003,page531_M-259_A_c0,-1.5178971,-0.90682656
page531_M-259_A_c0_sym_004,page531_M-259_A_c0,-2.403231,-0.9519265
page531_M-260_A_c1_sym_001,page531_M-260_A_c1,1.5169009,0.89435226
page531_M-261_A_c2_sym_001,page531_M-261_A_c2,1.5169009,0.89435226
page532_M-263_a_c0_sym_001,page532_M-263_a_c0,-0.9656196,-0.7879136
page532_M-265_a_bis_c2_sym_001,page532_M-265_a_bis_c2,0.023412993,-0.3232942
page532_M-265_a_bis_c2_sym_002,page532_M-265_a_bis_c2,4.2520475,2.947298
page532_M-265_A_c0_sym_001,page532_M-265_A_c0,-0.9656196,-0.7879136
page532_M-265_a_c1_sym_001,page532_M-265_a_c1,-0.9656196,-0.7879136
page534_M-274_A_c0_sym_001,page534_M-274_A_c0,-1.3442043,-1.1869318
page534_M-274_A_c0_sym_002,page534_M-274_A_c0,-1.0776458,-1.1233182
page534_M-274_a_c1_sym_001,page534_M-274_a_c1,0.6353735,0.152633
page534_M-274_a_c1_sym_002,page534_M-274_a_c1,1.42825,0.7872279
page534_M-274_a_c1_sym_003,page534_M-274_a_c1,0.8637108,0.23432899
page534_M-274_a_c1_sym_004,page534_M-274_a_c1,0.27858916,-0.14874913
page534_M-274_a_c1_sym_005,page534_M-274_a_c1,-0.50130737,-0.7107253
page534_M-274_a_c1_sym_006,page534_M-274_a_c1,1.9372857,1.140464
page534_M-274_a_c1_sym_007,page534_M-274_a_c1,1.2146367,0.5472491
page534_M-274_a_c1_sym_008,page534_M-274_a_c1,0.1795441,-0.22667149
page534_M-274_a_c1_sym_009,page534_M-274_a_c1,-0.17486314,-0.4053688
page534_M-274_a_c1_sym_010,page534_M-274_a_c1,0.6443019,0.116608106
page534_M-274_a_c1_sym_011,page534_M-274_a_c1,-0.65027696,-0.83786404
page534_M-274_a_c1_sym_012,page534_M-274_a_c1,-0.0992312,-0.43026713
page534_M-274_a_c1_sym_013,page534_M-274_a_c1,1.8281808,1.0368354
page534_M-274_a_c1_sym_014,page534_M-274_a_c1,0.13834967,-0.23037265
page534_M-274_a_c1_sym_015,page534_M-274_a_c1,0.5482461,0.05612642
page534_M-275_A_c0_sym_001,page534_M-275_A_c0,-1.3442043,-1.1869318
page534_M-275_A_c0_sym_002,page534_M-275_A_c0,-1.0776458,-1.1233182
page534_M-276_A_c1_sym_001,page534_M-276_A_c1,-1.3442043,-1.1869318
page534_M-276_A_c1_sym_002,page534_M-276_A_c1,-1.0776458,-1.1233182
page534_M-277_a_c0_sym_001,page534_M-277_a_c0,-0.6560793,-0.5854896
page534_M-277_a_c0_sym_002,page534_M-277_a_c0,0.97759014,0.3489126
page534_M-277_a_c0_sym_003,page534_M-277_a_c0,3.461974,2.3574724
page534_M-277_a_c0_sym_004,page534_M-277_a_c0,4.9045873,3.4570377
page534_M-277_A_c2_sym_001,page534_M-277_A_c2,0.6353735,0.152633
page534_M-277_A_c2_sym_002,page534_M-277_A_c2,1.42825,0.7872279
page534_M-277_A_c2_sym_003,page534_M-277_A_c2,0.8637108,0.23432899
page534_M-277_A_c2_sym_004,page534_M-277_A_c2,0.27858916,-0.14874913
page534_M-277_A_c2_sym_005,page534_M-277_A_c2,-0.50130737,-0.7107253
page534_M-277_A_c2_sym_006,page534_M-277_A_c2,1.9372857,1.140464
page534_M-277_A_c2_sym_007,page534_M-277_A_c2,1.2146367,0.5472491
page534_M-277_A_c2_sym_008,page534_M-277_A_c2,0.1795441,-0.22667149
page534_M-277_A_c2_sym_009,page534_M-277_A_c2,-0.17486314,-0.4053688
page534_M-277_A_c2_sym_010,page534_M-277_A_c2,0.6443019,0.116608106
page534_M-277_A_c2_sym_011,page534_M-277_A_c2,-0.65027696,-0.83786404
page534_M-277_A_c2_sym_012,page534_M-277_A_c2,-0.0992312,-0.43026713
page534_M-277_A_c2_sym_013,page534_M-277_A_c2,1.8281808,1.0368354
page534_M-277_A_c2_sym_014,page534_M-277_A_c2,0.13834967,-0.23037265
page534_M-277_A_c2_sym_015,page534_M-277_A_c2,0.5482461,0.05612642
page534_M-277_a_ter_c2_sym_001,page534_M-277_a_ter_c2,0.6353735,0.152633
page534_M-277_a_ter_c2_sym_002,page534_M-277_a_ter_c2,1.42825,0.7872279
page534_M-277_a_ter_c2_sym_003,page534_M-277_a_ter_c2,0.8637108,0.23432899
page534_M-277_a_ter_c2_sym_004,page534_M-277_a_ter_c2,0.27858916,-0.14874913
page534_M-277_a_ter_c2_sym_005,page534_M-277_a_ter_c2,-0.50130737,-0.7107253
page534_M-277_a_ter_c2_sym_006,page534_M-277_a_ter_c2,1.9372857,1.140464
page534_M-277_a_ter_c2_sym_007,page534_M-277_a_ter_c2,1.2146367,0.5472491
page534_M-277_a_ter_c2_sym_008,page534_M-277_a_ter_c2,0.1795441,-0.22667149
page534_M-277_a_ter_c2_sym_009,page534_M-277_a_ter_c2,-0.17486314,-0.4053688
page534_M-277_a_ter_c2_sym_010,page534_M-277_a_ter_c2,0.6443019,0.116608106
page534_M-277_a_ter_c2_sym_011,page534_M-277_a_ter_c2,-0.65027696,-0.83786404
page534_M-277_a_ter_c2_sym_012,page534_M-277_a_ter_c2,-0.0992312,-0.43026713
page534_M-277_a_ter_c2_sym_013,page534_M-277_a_ter_c2,1.8281808,1.0368354
page534_M-277_a_ter_c2_sym_014,page534_M-277_a_ter_c2,0.13834967,-0.23037265
page534_M-277_a_ter_c2_sym_015,page534_M-277_a_ter_c2,0.5482461,0.05612642
page535_M-278_A_c0_sym_001,page535_M-278_A_c0,-1.7971756,-0.71042603
page535_M-278_A_c0_sym_002,page535_M-278_A_c0,-1.5493028,-1.1685628
page535_M-279_A_c0_sym_001,page535_M-279_A_c0,-1.7971756,-0.71042603
page535_M-279_A_c0_sym_002,page535_M-279_A_c0,-1.5493028,-1.1685628
page535_M-280_A_c0_sym_001,page535_M-280_A_c0,-1.7282256,-0.9236725
page536_M-283_a_c0_sym_001,page536_M-283_a_c0,2.9686072,1.9918936
page536_M-284_A_c0_sym_001,page536_M-284_A_c0,1.0240514,0.38876143
page536_M-284_A_c0_sym_002,page536_M-284_A_c0,0.06251092,-0.28967607
page536_M-284_A_c0_sym_003,page536_M-284_A_c0,0.11827321,-0.2525277
page536_M-285_A_c1_sym_001,page536_M-285_A_c1,2.9686072,1.9918936
page536_M-286_A_c2_sym_001,page536_M-286_A_c2,0.72236127,0.15872899
page536_M-286_A_c2_sym_002,page536_M-286_A_c2,0.18620323,-0.20935233
page537_M-290_A_c0_sym_001,page537_M-290_A_c0,-0.60372555,-0.6139576
page537_M-290_A_c0_sym_002,page537_M-290_A_c0,5.3998814,3.825138
page538_M-291_A_c0_sym_001,page538_M-291_A_c0,0.44539186,0.004291556
page538_M-291_A_c0_sym_002,page538_M-291_A_c0,3.99738,2.7794888
page538_M-291_A_c0_sym_003,page538_M-291_A_c0,-0.24960919,-0.569993
page538_M-291_A_c0_sym_004,page538_M-291_A_c0,-0.9055952,-0.98875827
page538_M-291_A_c0_sym_005,page538_M-291_A_c0,2.462756,1.5447817
page538_M-291_A_c0_sym_006,page538_M-291_A_c0,4.863951,3.396228
page538_M-291_B_c0_sym_001,page538_M-291_B_c0,0.44539186,0.004291556
page538_M-291_B_c0_sym_002,page538_M-291_B_c0,3.99738,2.7794888
page538_M-291_B_c0_sym_003,page538_M-291_B_c0,-0.24960919,-0.569993
page538_M-291_B_c0_sym_004,page538_M-291_B_c0,-0.9055952,-0.98875827
page538_M-291_B_c0_sym_005,page538_M-291_B_c0,2.462756,1.5447817
page538_M-291_B_c0_sym_006,page538_M-291_B_c0,4.863951,3.396228
page538_M-294_A_c0_sym_001,page538_M-294_A_c0,-1.4791306,-1.0749371
page538_M-294_a_c1_sym_001,page538_M-294_a_c1,-1.4791306,-1.0749371
page539_M-295_B_c0_sym_001,page539_M-295_B_c0,-1.1494439,-0.9342389
page539_M-295_B_c0_sym_002,page539_M-295_B_c0,-0.84665614,-0.81988513
page539_M-296_a_c1_sym_001,page539_M-296_a_c1,5.3259172,3.8265302
page540_M-299_A_c0_sym_001,page540_M-299_A_c0,-1.1323913,-1.1278564
page541_M-300_A_c0_sym_001,page541_M-300_A_c0,-0.69208,-0.69335055
page541_M-300_a_c1_sym_001,page541_M-300_a_c1,-0.4987188,-0.67511606
page541_M-300_a_c1_sym_002,page541_M-300_a_c1,0.53246546,0.03223448
page541_M-300_a_c1_sym_003,page541_M-300_a_c1,1.6647552,0.93837935
page541_M-300_a_c1_sym_004,page541_M-300_a_c1,2.119935,1.2864596
page541_M-300_a_c1_sym_005,page541_M-300_a_c1,-1.0543257,-1.1198694
page541_M-300_a_c1_sym_006,page541_M-300_a_c1,-0.48622322,-0.6478968
page541_M-300_a_c1_sym_007,page541_M-300_a_c1,-0.1156288,-0.40933567
page541_M-300_a_c1_sym_008,page541_M-300_a_c1,1.908875,1.1062673
page541_M-300_a_c1_sym_009,page541_M-300_a_c1,0.21978441,-0.19584559
page541_M-300_a_c1_sym_010,page541_M-300_a_c1,-0.48785806,-0.731428
page541_M-301_A_c0_sym_001,page541_M-301_A_c0,-0.69208,-0.69335055
page541_M-301_a_c1_sym_001,page541_M-301_a_c1,-1.4567223,-1.0618988
page541_M-301_a_c1_sym_002,page541_M-301_a_c1,-0.78402364,-0.79870266
page541_M-302_A_c0_sym_001,page541_M-302_A_c0,-0.69208,-0.69335055
page541_M-302_a_c1_sym_001,page541_M-302_a_c1,-1.4567223,-1.0618988
page541_M-302_a_c1_sym_002,page541_M-302_a_c1,-0.78402364,-0.79870266
page542_M-304_a_bis_c1_sym_001,page542_M-304_a_bis_c1,-1.8136922,-1.0301522
page542_M-304_a_bis_c1_sym_002,page542_M-304_a_bis_c1,-4.3871174,-1.2260567
page542_M-304_a_c0_sym_001,page542_M-304_a_c0,-1.8136922,-1.0301522
page542_M-304_a_c0_sym_002,page542_M-304_a_c0,-4.3871174,-1.2260567
page542_M-304_A_ter_c0_sym_001,page542_M-304_A_ter_c0,-0.34318447,-0.48631123
page542_M-304_A_ter_c0_sym_002,page542_M-304_A_ter_c0,0.8033104,0.22093467
page542_M-304_B_c1_sym_001,page542_M-304_B_c1,-0.119362324,-0.4063281
page542_M-304_C_c0_sym_001,page542_M-304_C_c0,-1.8136922,-1.0301522
page542_M-304_C_c0_sym_002,page542_M-304_C_c0,-4.3871174,-1.2260567
page543_M-305_A_c0_sym_001,page543_M-305_A_c0,-2.4843605,-0.66751033
page543_M-306_a_c0_sym_001,page543_M-306_a_c0,-2.4843605,-0.66751033
page543_M-308_A_c0_sym_001,page543_M-308_A_c0,6.037646,4.3652987
page543_M-308_a_c1_sym_001,page543_M-308_a_c1,-2.1797037,-1.2851132
page543_N-4_c0_sym_001,page543_N-4_c0,-2.4843605,-0.66751033
page544_M-309_A_c0_sym_001,page544_M-309_A_c0,3.9362857,2.727993
page544_M-309_A_c0_sym_002,page544_M-309_A_c0,1.8799046,1.0888182
page544_M-309_A_c0_sym_003,page544_M-309_A_c0,2.2943547,1.3624399
page544_M-309_A_c0_sym_004,page544_M-309_A_c0,-0.71550936,-0.72131354
page544_M-309_A_c0_sym_005,page544_M-309_A_c0,1.9668097,1.0929555
page544_M-309_A_c0_sym_006,page544_M-309_A_c0,0.7600043,0.2196946
page544_M-309_A_c0_sym_007,page544_M-309_A_c0,0.35895354,-0.092309415
page544_M-309_A_c0_sym_008,page544_M-309_A_c0,-1.5780638,-1.1818951
page544_M-309_A_c0_sym_009,page544_M-309_A_c0,1.055582,0.42143056
page544_M-309_A_c0_sym_010,page544_M-309_A_c0,-1.0484831,-1.1190763
page544_M-309_A_c0_sym_011,page544_M-309_A_c0,2.0520678,1.2107596
page544_M-309_A_c0_sym_012,page544_M-309_A_c0,0.3414751,-0.13462394
page544_M-309_A_c0_sym_013,page544_M-309_A_c0,-3.7768583,-1.3096068
page544_M-309_A_c0_sym_014,page544_M-309_A_c0,3.5431504,2.4431477
page544_M-309_A_c0_sym_015,page544_M-309_A_c0,-0.95770675,-0.9459843
page544_M-309_A_c0_sym_016,page544_M-309_A_c0,-0.32613388,-0.5823648
page544_M-309_A_c0_sym_017,page544_M-309_A_c0,0.8485442,0.24383213
page544_M-309_A_c0_sym_018,page544_M-309_A_c0,-0.18453789,-0.4313777
page544_M-309_A_c0_sym_019,page544_M-309_A_c0,-1.0519894,-1.1196262
page544_M-309_A_c0_sym_020,page544_M-309_A_c0,-0.20986918,-0.5032989
page544_M-309_A_c0_sym_021,page544_M-309_A_c0,-3.5584116,-1.4646508
page544_M-309_A_c0_sym_022,page544_M-309_A_c0,-0.432333,-0.6457675
page544_M-309_A_c0_sym_023,page544_M-309_A_c0,-0.52882355,-0.7218261
page544_M-309_A_c0_sym_024,page544_M-309_A_c0,-0.088084735,-0.44346803
page544_M-309_A_c0_sym_025,page544_M-309_A_c0,1.4151142,0.6689689
page544_M-309_A_c0_sym_026,page544_M-309_A_c0,-1.4876537,-1.1593033
page544_M-309_a_c1_sym_001,page544_M-309_a_c1,1.6019318,0.8250266
page544_M-310_a_c1_sym_001,page544_M-310_a_c1,-0.7906748,-0.7740604
page544_M-310_c0_sym_001,page544_M-310_c0,3.9362857,2.727993
page544_M-310_c0_sym_002,page544_M-310_c0,1.8799046,1.0888182
page544_M-310_c0_sym_003,page544_M-310_c0,2.2943547,1.3624399
page544_M-310_c0_sym_004,page544_M-310_c0,-0.71550936,-0.72131354
page544_M-310_c0_sym_005,page544_M-310_c0,1.9668097,1.0929555
page544_M-310_c0_sym_006,page544_M-310_c0,0.7600043,0.2196946
page544_M-310_c0_sym_007,page544_M-310_c0,0.35895354,-0.092309415
page544_M-310_c0_sym_008,page544_M-310_c0,-1.5780638,-1.1818951
page544_M-310_c0_sym_009,page544_M-310_c0,1.055582,0.42143056
page544_M-310_c0_sym_010,page544_M-310_c0,-1.0484831,-1.1190763
page544_M-310_c0_sym_011,page544_M-310_c0,2.0520678,1.2107596
page544_M-310_c0_sym_012,page544_M-310_c0,0.3414751,-0.13462394
page544_M-310_c0_sym_013,page544_M-310_c0,-3.7768583,-1.3096068
page544_M-310_c0_sym_014,page544_M-310_c0,3.5431504,2.4431477
page544_M-310_c0_sym_015,page544_M-310_c0,-0.95770675,-0.9459843
page544_M-310_c0_sym_016,page544_M-310_c0,-0.32613388,-0.5823648
page544_M-310_c0_sym_017,page544_M-310_c0,0.8485442,0.24383213
page544_M-310_c0_sym_018,page544_M-310_c0,-0.18453789,-0.4313777
page544_M-310_c0_sym_019,page544_M-310_c0,-1.0519894,-1.1196262
page544_M-310_c0_sym_020,page544_M-310_c0,-0.20986918,-0.5032989
page544_M-310_c0_sym_021,page544_M-310_c0,-3.5584116,-1.4646508
page544_M-310_c0_sym_022,page544_M-310_c0,-0.432333,-0.6457675
page544_M-310_c0_sym_023,page544_M-310_c0,-0.52882355,-0.7218261
page544_M-310_c0_sym_024,page544_M-310_c0,-0.088084735,-0.44346803
page544_M-310_c0_sym_025,page544_M-310_c0,1.4151142,0.6689689
page544_M-310_c0_sym_026,page544_M-310_c0,-1.4876537,-1.1593033
page544_M-311_a_bis_c0_sym_001,page544_M-311_a_bis_c0,-2.2437975,-1.1692855
page544_M-312_A_c0_sym_001,page544_M-312_A_c0,-0.7906748,-0.7740604
page544_M-312_a_c1_sym_001,page544_M-312_a_c1,-0.7906748,-0.7740604
page545_M-313_a_c0_sym_001,page545_M-313_a_c0,-0.33957288,-0.5375697
page545_M-313_a_c0_sym_002,page545_M-313_a_c0,-0.8141342,-0.76371914
page545_M-313_F_c0_sym_001,page545_M-313_F_c0,-0.33957288,-0.5375697
page545_M-313_F_c0_sym_002,page545_M-313_F_c0,-0.8141342,-0.76371914
page545_M-314_a_c2_sym_001,page545_M-314_a_c2,-0.90698206,-0.82797307
page545_M-316_C_c0_sym_001,page545_M-316_C_c0,-1.3154103,-0.99463636
page545_M-316_D_c1_sym_001,page545_M-316_D_c1,-0.90698206,-0.82797307
page545_M-317_A_c0_sym_001,page545_M-317_A_c0,-0.90698206,-0.82797307
page545_M-317_B_c2_sym_001,page545_M-317_B_c2,1.8964603,1.2344615
page545_M-317_B_c2_sym_002,page545_M-317_B_c2,-1.0644552,-1.1212256
page545_M-317_B_c2_sym_003,page545_M-317_B_c2,1.4891986,0.77204233
page545_M-317_B_c2_sym_004,page545_M-317_B_c2,0.3261528,-0.11369042
page545_M-317_B_c2_sym_005,page545_M-317_B_c2,0.29638442,-0.15198924
page545_M-317_B_c2_sym_006,page545_M-317_B_c2,-0.44042856,-0.67156416
page545_M-317_B_c2_sym_007,page545_M-317_B_c2,4.218449,2.9701731
page545_M-317_B_c2_sym_008,page545_M-317_B_c2,-0.32517013,-0.58028084
page545_M-317_B_c2_sym_009,page545_M-317_B_c2,-1.1446091,-1.1306369
page545_M-317_B_c2_sym_010,page545_M-317_B_c2,-0.7203891,-0.8682677
page545_M-317_B_c2_sym_011,page545_M-317_B_c2,1.5992187,0.80835
page545_M-317_B_c2_sym_012,page545_M-317_B_c2,1.2069058,0.53777647
page545_M-317_B_c2_sym_013,page545_M-317_B_c2,-0.5874319,-0.7379833
page545_M-317_B_c2_sym_014,page545_M-317_B_c2,0.6922349,0.13544318
page545_M-317_B_c2_sym_015,page545_M-317_B_c2,0.0020258466,-0.34193397
page545_M-317_B_c2_sym_016,page545_M-317_B_c2,0.061442785,-0.2857804
page545_M-317_B_c2_sym_017,page545_M-317_B_c2,-5.812629,2.0328333
page545_M-317_C_c0_sym_001,page545_M-317_C_c0,1.8964603,1.2344615
page545_M-317_C_c0_sym_002,page545_M-317_C_c0,-1.0644552,-1.1212256
page545_M-317_C_c0_sym_003,page545_M-317_C_c0,1.4891986,0.77204233
page545_M-317_C_c0_sym_004,page545_M-317_C_c0,0.3261528,-0.11369042
page545_M-317_C_c0_sym_005,page545_M-317_C_c0,0.29638442,-0.15198924
page545_M-317_C_c0_sym_006,page545_M-317_C_c0,-0.44042856,-0.67156416
page545_M-317_C_c0_sym_007,page545_M-317_C_c0,4.218449,2.9701731
page545_M-317_C_c0_sym_008,page545_M-317_C_c0,-0.32517013,-0.58028084
page545_M-317_C_c0_sym_009,page545_M-317_C_c0,-1.1446091,-1.1306369
page545_M-317_C_c0_sym_010,page545_M-317_C_c0,-0.7203891,-0.8682677
page545_M-317_C_c0_sym_011,page545_M-317_C_c0,1.5992187,0.80835
page545_M-317_C_c0_sym_012,page545_M-317_C_c0,1.2069058,0.53777647
page545_M-317_C_c0_sym_013,page545_M-317_C_c0,-0.5874319,-0.7379833
page545_M-317_C_c0_sym_014,page545_M-317_C_c0,0.6922349,0.13544318
page545_M-317_C_c0_sym_015,page545_M-317_C_c0,0.0020258466,-0.34193397
page545_M-317_C_c0_sym_016,page545_M-317_C_c0,0.061442785,-0.2857804
page545_M-317_C_c0_sym_017,page545_M-317_C_c0,-5.812629,2.0328333
page546_M-318_a_c1_sym_001,page546_M-318_a_c1,1.0679297,0.42532903
page546_M-318_b_c0_sym_001,page546_M-318_b_c0,-2.5130959,-1.3878604
page547_M-319_a_c1_sym_001,page547_M-319_a_c1,0.9053004,0.2694449
page547_M-319_a_c1_sym_002,page547_M-319_a_c1,2.6090682,1.7152692
page547_M-319_C_bis_c0_sym_001,page547_M-319_C_bis_c0,0.9053004,0.2694449
page547_M-319_C_bis_c0_sym_002,page547_M-319_C_bis_c0,2.6090682,1.7152692
page547_M-319_E_c0_sym_001,page547_M-319_E_c0,0.9053004,0.2694449
page547_M-319_E_c0_sym_002,page547_M-319_E_c0,2.6090682,1.7152692
page547_M-320_B_c2_sym_001,page547_M-320_B_c2,0.9053004,0.2694449
page547_M-320_B_c2_sym_002,page547_M-320_B_c2,2.6090682,1.7152692
page547_M-320_C_c0_sym_001,page547_M-320_C_c0,0.9053004,0.2694449
page547_M-320_C_c0_sym_002,page547_M-320_C_c0,2.6090682,1.7152692
page548_M-322_a_c1_sym_001,page548_M-322_a_c1,0.0147769265,-0.34050766
page548_M-322_a_c1_sym_002,page548_M-322_a_c1,-1.0369842,-0.9237198
page548_M-323_a_c3_sym_001,page548_M-323_a_c3,0.0147769265,-0.34050766
page548_M-323_a_c3_sym_002,page548_M-323_a_c3,-1.0369842,-0.9237198
page548_M-324_a_c0_sym_001,page548_M-324_a_c0,-0.6230946,-0.636642
page548_M-324_a_c0_sym_002,page548_M-324_a_c0,-0.5970786,-0.6541442
page548_M-324_A_c1_sym_001,page548_M-324_A_c1,-0.6230946,-0.636642
page548_M-324_A_c1_sym_002,page548_M-324_A_c1,-0.5970786,-0.6541442
page549_M-325_A_c0_sym_001,page549_M-325_A_c0,3.6609194,2.5019581
page549_M-325_a_c1_sym_001,page549_M-325_a_c1,1.885002,1.1813662
page549_M-325_B_c2_sym_001,page549_M-325_B_c2,-1.8046471,-0.93903893
page549_M-325_B_c2_sym_002,page549_M-325_B_c2,-1.1407446,-1.077045
page549_M-325_B_c2_sym_003,page549_M-325_B_c2,4.535656,3.1752348
page549_M-325_b_c3_sym_001,page549_M-325_b_c3,-0.5922642,-0.7144146
page549_M-325_b_c3_sym_002,page549_M-325_b_c3,-0.56560653,-0.69176453
page549_M-325_b_c3_sym_003,page549_M-325_b_c3,1.5425951,0.92209876
page549_M-326_A_c0_sym_001,page549_M-326_A_c0,-0.89067435,-0.8225809
page549_M-326_D_c0_sym_001,page549_M-326_D_c0,-3.1941226,-1.13777
page549_M-326_E_c0_sym_001,page549_M-326_E_c0,-0.5922642,-0.7144146
page549_M-326_E_c0_sym_002,page549_M-326_E_c0,-0.56560653,-0.69176453
page549_M-326_E_c0_sym_003,page549_M-326_E_c0,1.5425951,0.92209876
page549_M-326_F_c0_sym_001,page549_M-326_F_c0,-0.5922642,-0.7144146
page549_M-326_F_c0_sym_002,page549_M-326_F_c0,-0.56560653,-0.69176453
page549_M-326_F_c0_sym_003,page549_M-326_F_c0,1.5425951,0.92209876
page549_X-7_c_c0_sym_001,page549_X-7_c_c0,-0.89067435,-0.8225809
page550_M-327_a_c1_sym_001,page550_M-327_a_c1,0.3746423,-0.10581393
page550_M-327_a_c1_sym_002,page550_M-327_a_c1,1.543145,0.82276344
page550_M-327_F_c0_sym_001,page550_M-327_F_c0,-0.79386944,-0.7815197
page550_M-328_c1_sym_001,page550_M-328_c1,0.3746423,-0.10581393
page550_M-328_c1_sym_002,page550_M-328_c1,1.543145,0.82276344
page550_M-328_E_c0_sym_001,page550_M-328_E_c0,-0.79386944,-0.7815197
page550_M-329_E_c0_sym_001,page550_M-329_E_c0,-0.79386944,-0.7815197
page550_M-330_b_c1_sym_001,page550_M-330_b_c1,-0.6899537,-0.809752
page550_M-330_b_c1_sym_002,page550_M-330_b_c1,-0.9807182,-0.9042639
page551_M-331_b_c1_sym_001,page551_M-331_b_c1,0.602452,0.15334179
page551_M-331_d_c1_sym_001,page551_M-331_d_c1,-0.19192883,-0.35140148
page551_M-331_f_c3_sym_001,page551_M-331_f_c3,-0.19192883,-0.35140148
page551_M-332_A_c0_sym_001,page551_M-332_A_c0,-0.6972448,-0.8085589
page551_M-332_A_c0_sym_002,page551_M-332_A_c0,-0.2384819,-0.51306355
page551_M-332_A_c0_sym_003,page551_M-332_A_c0,4.2779694,2.9856474
page551_M-332_a_c1_sym_001,page551_M-332_a_c1,0.602452,0.15334179
page552_M-335_a_c1_sym_001,page552_M-335_a_c1,-1.0007068,-0.855689
page552_M-335_a_c1_sym_002,page552_M-335_a_c1,-0.4035085,-0.6400374
page552_M-337_a_c1_sym_001,page552_M-337_a_c1,4.3084908,2.9826634
page552_M-338_A_c2_sym_001,page552_M-338_A_c2,-0.68756336,-0.8312357
page552_M-338_A_c2_sym_002,page552_M-338_A_c2,0.98181504,0.3461234
page552_M-338_A_c2_sym_003,page552_M-338_A_c2,0.5789584,0.10065441
page552_M-338_A_c2_sym_004,page552_M-338_A_c2,1.7023563,0.91963977
page552_M-338_A_c2_sym_005,page552_M-338_A_c2,-0.73109984,-0.87329286
page552_M-338_A_c2_sym_006,page552_M-338_A_c2,2.5301979,1.6301553
page552_M-338_A_c2_sym_007,page552_M-338_A_c2,-0.71425253,-0.78420013
page552_M-338_A_c2_sym_008,page552_M-338_A_c2,4.1643567,2.9247763
page552_M-338_a_c3_sym_001,page552_M-338_a_c3,-0.25180355,-0.51084423
page552_M-340_A_c2_sym_001,page552_M-340_A_c2,-0.68756336,-0.8312357
page552_M-340_A_c2_sym_002,page552_M-340_A_c2,0.98181504,0.3461234
page552_M-340_A_c2_sym_003,page552_M-340_A_c2,0.5789584,0.10065441
page552_M-340_A_c2_sym_004,page552_M-340_A_c2,1.7023563,0.91963977
page552_M-340_A_c2_sym_005,page552_M-340_A_c2,-0.73109984,-0.87329286
page552_M-340_A_c2_sym_006,page552_M-340_A_c2,2.5301979,1.6301553
page552_M-340_A_c2_sym_007,page552_M-340_A_c2,-0.71425253,-0.78420013
page552_M-340_A_c2_sym_008,page552_M-340_A_c2,4.1643567,2.9247763
page552_M-340_a_c3_sym_001,page552_M-340_a_c3,-0.25180355,-0.51084423
page552_M-341_A_c0_sym_001,page552_M-341_A_c0,4.193803,2.872183
page552_M-342_A_c2_sym_001,page552_M-342_A_c2,5.184531,3.6767716
page552_M-343_A_c0_sym_001,page552_M-343_A_c0,3.6477664,2.4354625
page552_M-344_A_c2_sym_001,page552_M-344_A_c2,5.184531,3.6767716
page553_M-345_A_c0_sym_001,page553_M-345_A_c0,3.540723,2.3929849
page553_M-346_A_c0_sym_001,page553_M-346_A_c0,4.2671146,2.9508038
page553_M-346_a_c1_sym_001,page553_M-346_a_c1,-0.42014802,-0.6129657
page553_M-347_A_c0_sym_001,page553_M-347_A_c0,3.540723,2.3929849
page553_M-349_A_c0_sym_001,page553_M-349_A_c0,-0.9504502,-0.8589066
page553_M-349_A_c0_sym_002,page553_M-349_A_c0,0.5762153,0.08076252
page553_M-349_A_c0_sym_003,page553_M-349_A_c0,0.12750782,-0.22064121
page553_M-349_a_c1_sym_001,page553_M-349_a_c1,-0.79886866,-0.82643443
page553_M-351_A_c0_sym_001,page553_M-351_A_c0,-0.9504502,-0.8589066
page553_M-351_A_c0_sym_002,page553_M-351_A_c0,0.5762153,0.08076252
page553_M-351_A_c0_sym_003,page553_M-351_A_c0,0.12750782,-0.22064121
page553_M-351_a_c1_sym_001,page553_M-351_a_c1,-0.79886866,-0.82643443
page553_M-351_B_c2_sym_001,page553_M-351_B_c2,-0.79886866,-0.82643443
page554_M-352_B_c0_sym_001,page554_M-352_B_c0,4.2377987,2.9102008
page554_M-352_c0_sym_001,page554_M-352_c0,0.48146558,-0.01000438
page554_M-352_c0_sym_002,page554_M-352_c0,-0.42564595,-0.58232903
page554_M-352_C_c0_sym_001,page554_M-352_C_c0,0.37616274,0.030521423
page554_M-352_D_c1_sym_001,page554_M-352_D_c1,0.48146558,-0.01000438
page554_M-352_D_c1_sym_002,page554_M-352_D_c1,-0.42564595,-0.58232903
page554_M-352_f_c3_sym_001,page554_M-352_f_c3,0.48146558,-0.01000438
page554_M-352_f_c3_sym_002,page554_M-352_f_c3,-0.42564595,-0.58232903
page555_M-354_A_c0_sym_001,page555_M-354_A_c0,-1.7781222,-0.9266228
page555_M-354_A_c0_sym_002,page555_M-354_A_c0,-1.0637747,-0.90096104
page556_M-356_A_bis_c0_sym_001,page556_M-356_A_bis_c0,-1.2734015,-1.1147519
page556_M-356_A_c0_sym_001,page556_M-356_A_c0,-1.2734015,-1.1147519
page557_M-358_A_c0_sym_001,page557_M-358_A_c0,-2.6539116,-1.2895182
page558_M-363_a_c0_sym_001,page558_M-363_a_c0,-1.5076047,-1.1457355
page558_M-365_A_c1_sym_001,page558_M-365_A_c1,-1.5076047,-1.1457355
page558_M-366_A_c1_sym_001,page558_M-366_A_c1,-2.1038916,-0.91505414
page559_M-367_a_c0_sym_001,page559_M-367_a_c0,-1.5323926,-1.074115
page559_M-368_A_c0_sym_001,page559_M-368_A_c0,-1.5323926,-1.074115
page559_M-369_A_c0_sym_001,page559_M-369_A_c0,-3.8616161,-1.3224419
page559_M-369_A_c0_sym_002,page559_M-369_A_c0,-0.9395285,-0.9671858
page559_M-370_A_c1_sym_001,page559_M-370_A_c1,-3.757971,-1.4611876
page559_M-370_A_c1_sym_002,page559_M-370_A_c1,-4.681886,-1.5022587
page560_M-371_A_c0_sym_001,page560_M-371_A_c0,-6.5926075,-0.21026203
page560_M-372_A_c1_sym_001,page560_M-372_A_c1,-3.9825892,-1.5490134
page560_M-375_A_c0_sym_001,page560_M-375_A_c0,-1.2769023,-1.0884554
page561_M-378_A_c0_sym_001,page561_M-378_A_c0,-0.85912156,-0.80683106
page561_M-378_A_c0_sym_002,page561_M-378_A_c0,-0.260324,-0.517159
page561_M-380_A_c0_sym_001,page561_M-380_A_c0,-0.85912156,-0.80683106
page561_M-380_A_c0_sym_002,page561_M-380_A_c0,-0.260324,-0.517159
page561_M-381_A_c1_sym_001,page561_M-381_A_c1,-0.75266576,-0.8323621
page562_M-382_A_c0_sym_001,page562_M-382_A_c0,0.29499614,-0.11724296
page562_M-382_A_c0_sym_002,page562_M-382_A_c0,-1.0473495,-0.817986
page562_M-383_c1_sym_001,page562_M-383_c1,-1.2330754,-1.038081
page562_M-383_c1_sym_002,page562_M-383_c1,-0.35515714,-0.5493057
page562_M-384_A_c2_sym_001,page562_M-384_A_c2,1.7527255,1.0996563
page562_M-386_A_c1_sym_001,page562_M-386_A_c1,-1.2330754,-1.038081
page562_M-386_A_c1_sym_002,page562_M-386_A_c1,-0.35515714,-0.5493057
page562_M-387_A_c2_sym_001,page562_M-387_A_c2,1.7527255,1.0996563
page562_M-390_A_c2_sym_001,page562_M-390_A_c2,-2.7077127,-0.5866155
page563_M-391_A_c0_sym_001,page563_M-391_A_c0,-3.9525414,-1.5367523
page563_M-392_A_c1_sym_001,page563_M-392_A_c1,-1.0651488,-0.976281
page563_M-394_A_c1_sym_001,page563_M-394_A_c1,-1.0651488,-0.976281
page564_M-397_A_c0_sym_001,page564_M-397_A_c0,-0.874495,-0.9706429
page564_M-397_A_c0_sym_002,page564_M-397_A_c0,-0.28521317,-0.5560159
page564_M-397_A_c0_sym_003,page564_M-397_A_c0,1.5594357,0.9256659
page564_M-400_A_c0_sym_001,page564_M-400_A_c0,-0.874495,-0.9706429
page564_M-400_A_c0_sym_002,page564_M-400_A_c0,-0.28521317,-0.5560159
page564_M-400_A_c0_sym_003,page564_M-400_A_c0,1.5594357,0.9256659
page565_M-407_a_c1_sym_001,page565_M-407_a_c1,-1.1463816,-0.9528387
page565_M-408_A_c0_sym_001,page565_M-408_A_c0,3.1088982,2.0772712
page565_M-408_a_c1_sym_001,page565_M-408_a_c1,2.4253578,1.5722326
page565_M-409_A_c0_sym_001,page565_M-409_A_c0,3.1088982,2.0772712
page565_M-409_B_c0_sym_001,page565_M-409_B_c0,1.9919221,1.249853
page565_M-409_s_c1_sym_001,page565_M-409_s_c1,2.4253578,1.5722326
page565_M-410_A_c0_sym_001,page565_M-410_A_c0,3.1088982,2.0772712
page565_M-410_B_c0_sym_001,page565_M-410_B_c0,2.4253578,1.5722326
page565_M-410_C_c0_sym_001,page565_M-410_C_c0,2.4253578,1.5722326
page565_M-410_E_c1_sym_001,page565_M-410_E_c1,2.4253578,1.5722326
page566_M-411_a_c0_sym_001,page566_M-411_a_c0,-1.1328156,-1.1310717
page566_M-412_a_c0_sym_001,page566_M-412_a_c0,-1.1328156,-1.1310717
page566_M-412_A_c1_sym_001,page566_M-412_A_c1,-1.1328156,-1.1310717
page566_M-413_F_c0_sym_001,page566_M-413_F_c0,-0.80519754,-0.8122902
page567_M-414_B_c1_sym_001,page567_M-414_B_c1,-0.06647232,-0.31955594
page567_M-414_B_c1_sym_002,page567_M-414_B_c1,-0.20137201,-0.32719368
page567_M-414_B_c1_sym_003,page567_M-414_B_c1,-1.4486542,-1.1378524
page567_M-414_B_c1_sym_004,page567_M-414_B_c1,-1.449924,-1.1823795
page567_M-414_B_c1_sym_005,page567_M-414_B_c1,-0.9505854,-1.0291113
page567_M-414_C_c0_sym_001,page567_M-414_C_c0,-0.06647232,-0.31955594
page567_M-414_C_c0_sym_002,page567_M-414_C_c0,-0.20137201,-0.32719368
page567_M-414_C_c0_sym_003,page567_M-414_C_c0,-1.4486542,-1.1378524
page567_M-414_C_c0_sym_004,page567_M-414_C_c0,-1.449924,-1.1823795
page567_M-414_C_c0_sym_005,page567_M-414_C_c0,-0.9505854,-1.0291113
page567_M-414_D_c1_sym_001,page567_M-414_D_c1,-0.06647232,-0.31955594
page567_M-414_D_c1_sym_002,page567_M-414_D_c1,-0.20137201,-0.32719368
page567_M-414_D_c1_sym_003,page567_M-414_D_c1,-1.4486542,-1.1378524
page567_M-414_D_c1_sym_004,page567_M-414_D_c1,-1.449924,-1.1823795
page567_M-414_D_c1_sym_005,page567_M-414_D_c1,-0.9505854,-1.0291113
page567_M-414_E_c1_sym_001,page567_M-414_E_c1,-0.06647232,-0.31955594
page567_M-414_E_c1_sym_002,page567_M-414_E_c1,-0.20137201,-0.32719368
page567_M-414_E_c1_sym_003,page567_M-414_E_c1,-1.4486542,-1.1378524
page567_M-414_E_c1_sym_004,page567_M-414_E_c1,-1.449924,-1.1823795
page567_M-414_E_c1_sym_005,page567_M-414_E_c1,-0.9505854,-1.0291113
page567_M-414_F_c0_sym_001,page567_M-414_F_c0,-0.06647232,-0.31955594
page567_M-414_F_c0_sym_002,page567_M-414_F_c0,-0.20137201,-0.32719368
page567_M-414_F_c0_sym_003,page567_M-414_F_c0,-1.4486542,-1.1378524
page567_M-414_F_c0_sym_004,page567_M-414_F_c0,-1.449924,-1.1823795
page567_M-414_F_c0_sym_005,page567_M-414_F_c0,-0.9505854,-1.0291113
page567_M-415_a_bis_c0_sym_001,page567_M-415_a_bis_c0,1.1995012,0.6122623
page567_M-415_a_bis_c0_sym_002,page567_M-415_a_bis_c0,0.7780726,0.19363488
page568_M-416_A_c1_sym_001,page568_M-416_A_c1,3.7203631,2.569908
page569_M-418_A__1__c0_sym_001,page569_M-418_A__1__c0,1.9675623,1.192679
page569_M-418_A__5__c4_sym_001,page569_M-418_A__5__c4,0.8252024,0.36925894
page569_M-4_I_c2_sym_001,page569_M-4_I_c2,-0.46127814,-0.63602215
page569_M-4_I_c2_sym_002,page569_M-4_I_c2,0.06591969,-0.27059403
page569_S-4_c0_sym_001,page569_S-4_c0,-0.46127814,-0.63602215
page569_S-4_c0_sym_002,page569_S-4_c0,0.06591969,-0.27059403
page570_M-420_A__2__c0_sym_001,page570_M-420_A__2__c0,-5.142727,-0.48880255
page570_M-421_A__2__c1_sym_001,page570_M-421_A__2__c1,-0.35376137,-0.5177296
page570_M-422_A__2__c1_sym_001,page570_M-422_A__2__c1,-0.35376137,-0.5177296
page571_M-424_A__2__c0_sym_001,page571_M-424_A__2__c0,-1.2039055,-1.1399606
page574_M-430_A_c0_sym_001,page574_M-430_A_c0,3.9669583,2.7337456
page574_M-430_B_c1_sym_001,page574_M-430_B_c1,4.2781477,2.9868789
page574_M-430_C_c0_sym_001,page574_M-430_C_c0,4.2781477,2.9868789
page574_M-431_B_c0_sym_001,page574_M-431_B_c0,1.2838355,0.5716583
page574_M-431_B_c0_sym_002,page574_M-431_B_c0,0.35334548,-0.009176335
page574_M-432_A_bis_c0_sym_001,page574_M-432_A_bis_c0,-1.0732825,-0.8638344
page574_M-432_A_bis_c0_sym_002,page574_M-432_A_bis_c0,3.889717,2.651624
page575_M-436_A_c0_sym_001,page575_M-436_A_c0,-1.2275332,-0.9704798
page575_M-436_A_c0_sym_002,page575_M-436_A_c0,-1.2674465,-1.0015706
page575_M-436_A_c0_sym_003,page575_M-436_A_c0,3.8590908,2.6317117
page575_M-437_E_c1_sym_001,page575_M-437_E_c1,4.9244676,3.483714
page575_M-438_B_c1_sym_001,page575_M-438_B_c1,4.9244676,3.483714
page575_M-438_D_c2_sym_001,page575_M-438_D_c2,4.6491356,3.2489705
page575_M-438_E_c0_sym_001,page575_M-438_E_c0,4.9244676,3.483714
page575_M-439_A_c0_sym_001,page575_M-439_A_c0,-2.9239895,-1.14009
page575_M-439_A_c0_sym_002,page575_M-439_A_c0,-1.1578835,-0.9270398
page575_M-439_A_c0_sym_003,page575_M-439_A_c0,-0.20301735,-0.42136702
page575_M-439_A_c0_sym_004,page575_M-439_A_c0,0.97872263,0.35017428
page575_M-439_A_c0_sym_005,page575_M-439_A_c0,1.0845689,0.43084106
page575_M-439_A_c0_sym_006,page575_M-439_A_c0,-0.232054,-0.50267434
page575_M-439_A_c0_sym_007,page575_M-439_A_c0,0.57004124,0.051143534
page575_M-439_A_c0_sym_008,page575_M-439_A_c0,0.68780047,0.11779762
page575_M-439_A_c0_sym_009,page575_M-439_A_c0,-0.6210847,-0.7075219
page575_M-439_A_c0_sym_010,page575_M-439_A_c0,1.4949669,0.76158345
page575_M-439_A_c0_sym_011,page575_M-439_A_c0,2.6515763,1.6953287
page575_M-439_A_c0_sym_012,page575_M-439_A_c0,0.73653644,0.3636616
page575_M-439_A_c0_sym_013,page575_M-439_A_c0,0.8329066,0.25098032
page575_M-439_A_c0_sym_014,page575_M-439_A_c0,0.3800453,-0.06772616
page575_M-439_A_c0_sym_015,page575_M-439_A_c0,0.18905531,-0.18509251
page575_M-439_A_c0_sym_016,page575_M-439_A_c0,0.37707493,-0.08959314
page575_M-439_A_c0_sym_017,page575_M-439_A_c0,0.74696624,0.1725753
page575_M-439_A_c0_sym_018,page575_M-439_A_c0,0.6147774,0.09433785
page575_M-439_A_c0_sym_019,page575_M-439_A_c0,3.185285,2.175462
page575_M-439_A_c0_sym_020,page575_M-439_A_c0,-0.30146173,-0.5151206
page575_M-439_A_c0_sym_021,page575_M-439_A_c0,-0.48704594,-0.5952303
page575_M-439_A_c0_sym_022,page575_M-439_A_c0,-0.06432733,-0.35189155
page575_M-439_A_c0_sym_023,page575_M-439_A_c0,1.0610614,0.46722594
page575_M-439_A_c0_sym_024,page575_M-439_A_c0,0.76163435,0.21661061
page575_M-439_A_c0_sym_025,page575_M-439_A_c0,-0.19487475,-0.47261655
page575_M-439_A_c0_sym_026,page575_M-439_A_c0,0.032454427,-0.31332454
page575_M-439_A_c0_sym_027,page575_M-439_A_c0,0.28879,-0.12988898
page575_M-439_A_c0_sym_028,page575_M-439_A_c0,0.45433748,-0.017250523
page575_M-439_A_c0_sym_029,page575_M-439_A_c0,-0.018801054,-0.31950906
page575_M-439_A_c0_sym_030,page575_M-439_A_c0,0.23915803,-0.15780963
page575_M-439_A_c0_sym_031,page575_M-439_A_c0,0.7947368,0.2050106
page575_M-439_A_c0_sym_032,page575_M-439_A_c0,1.1188744,0.46203125
page575_M-439_A_c0_sym_033,page575_M-439_A_c0,0.040855203,-0.28619108
page575_M-439_A_c0_sym_034,page575_M-439_A_c0,0.6563588,0.08029192
page575_M-439_A_c0_sym_035,page575_M-439_A_c0,0.678344,0.14012729
page575_M-439_A_c0_sym_036,page575_M-439_A_c0,0.07266921,-0.30335882
page575_M-439_A_c0_sym_037,page575_M-439_A_c0,0.07625909,-0.28548145
page575_M-439_A_c0_sym_038,page575_M-439_A_c0,0.43215585,-0.056554865
page575_M-440_C_c0_sym_001,page575_M-440_C_c0,4.6491356,3.2489705
page576_M-441_B_c0_sym_001,page576_M-441_B_c0,4.2839727,2.9846964
page576_M-443_A_c0_sym_001,page576_M-443_A_c0,5.388114,3.8119395
page576_M-443_B_c2_sym_001,page576_M-443_B_c2,0.035896465,-0.31784487
page576_M-443_B_c2_sym_002,page576_M-443_B_c2,0.09525121,-0.26156732
page576_M-443_B_c2_sym_003,page576_M-443_B_c2,0.28965208,-0.10922755
page576_M-443_B_c2_sym_004,page576_M-443_B_c2,0.36840987,-0.09083783
page576_M-443_B_c2_sym_005,page576_M-443_B_c2,-0.1774307,-0.4496461
page576_M-443_B_c2_sym_006,page576_M-443_B_c2,0.18620883,-0.20695437
page576_M-443_B_c2_sym_007,page576_M-443_B_c2,0.05638288,-0.2981114
page576_M-443_B_c2_sym_008,page576_M-443_B_c2,0.76168305,0.18415456
page576_M-443_B_c2_sym_009,page576_M-443_B_c2,0.010989317,-0.29727542
page576_M-443_B_c2_sym_010,page576_M-443_B_c2,5.990667,4.315515
page576_M-444_A_c0_sym_001,page576_M-444_A_c0,5.388114,3.8119395
page576_M-444_B_c0_sym_001,page576_M-444_B_c0,4.0415463,2.8240314
page577_M-445_B_c0_sym_001,page577_M-445_B_c0,2.1444893,1.3210943
page577_M-446_B_c0_sym_001,page577_M-446_B_c0,-0.47521475,-0.60754746
page577_M-447_A_c0_sym_001,page577_M-447_A_c0,-1.0727162,-1.1228508
page577_M-447_A_c0_sym_002,page577_M-447_A_c0,-1.3311976,-1.106372
page577_M-448_A_c0_sym_001,page577_M-448_A_c0,-1.7322398,-1.197615
page577_M-448_B_c0_sym_001,page577_M-448_B_c0,-1.7322398,-1.197615
page577_M-448_C_c0_sym_001,page577_M-448_C_c0,-1.7322398,-1.197615
page577_M-450_A_c0_sym_001,page577_M-450_A_c0,-1.7322398,-1.197615
page577_M-450_a_c1_sym_001,page577_M-450_a_c1,-0.47521475,-0.60754746
page577_M-450_B_c0_sym_001,page577_M-450_B_c0,-1.7322398,-1.197615
page577_M-451_C_c0_sym_001,page577_M-451_C_c0,-1.7322398,-1.197615
page578_M-452_A_c0_sym_001,page578_M-452_A_c0,1.5878042,0.8718938
page578_M-452_A_c0_sym_002,page578_M-452_A_c0,-7.7510223,6.422215
page578_M-452_A_c0_sym_003,page578_M-452_A_c0,3.6678245,2.5572398
page578_M-452_A_c0_sym_004,page578_M-452_A_c0,-3.1067588,-1.252292
page578_M-452_A_c0_sym_005,page578_M-452_A_c0,2.7413225,1.8069662
page578_M-452_A_c0_sym_006,page578_M-452_A_c0,-0.5493316,-0.6512557
page578_M-452_A_c0_sym_007,page578_M-452_A_c0,-3.0005953,-1.2896283
page578_M-452_A_c0_sym_008,page578_M-452_A_c0,0.8116849,0.31003153
page578_M-452_A_c0_sym_009,page578_M-452_A_c0,-2.9506593,-1.2919406
page578_M-452_A_c0_sym_010,page578_M-452_A_c0,-0.5534416,-0.6310512
page578_M-452_B_c1_sym_001,page578_M-452_B_c1,1.9604433,1.256995
page578_M-453_A_c0_sym_001,page578_M-453_A_c0,1.5878042,0.8718938
page578_M-453_A_c0_sym_002,page578_M-453_A_c0,-7.7510223,6.422215
page578_M-453_A_c0_sym_003,page578_M-453_A_c0,3.6678245,2.5572398
page578_M-453_A_c0_sym_004,page578_M-453_A_c0,-3.1067588,-1.252292
page578_M-453_A_c0_sym_005,page578_M-453_A_c0,2.7413225,1.8069662
page578_M-453_A_c0_sym_006,page578_M-453_A_c0,-0.5493316,-0.6512557
page578_M-453_A_c0_sym_007,page578_M-453_A_c0,-3.0005953,-1.2896283
page578_M-453_A_c0_sym_008,page578_M-453_A_c0,0.8116849,0.31003153
page578_M-453_A_c0_sym_009,page578_M-453_A_c0,-2.9506593,-1.2919406
page578_M-453_A_c0_sym_010,page578_M-453_A_c0,-0.5534416,-0.6310512
page578_M-453_B_c1_sym_001,page578_M-453_B_c1,1.9604433,1.256995
page578_M-454_A_bis_c0_sym_001,page578_M-454_A_bis_c0,1.5878042,0.8718938
page578_M-454_A_bis_c0_sym_002,page578_M-454_A_bis_c0,-7.7510223,6.422215
page578_M-454_A_bis_c0_sym_003,page578_M-454_A_bis_c0,3.6678245,2.5572398
page578_M-454_A_bis_c0_sym_004,page578_M-454_A_bis_c0,-3.1067588,-1.252292
page578_M-454_A_bis_c0_sym_005,page578_M-454_A_bis_c0,2.7413225,1.8069662
page578_M-454_A_bis_c0_sym_006,page578_M-454_A_bis_c0,-0.5493316,-0.6512557
page578_M-454_A_bis_c0_sym_007,page578_M-454_A_bis_c0,-3.0005953,-1.2896283
page578_M-454_A_bis_c0_sym_008,page578_M-454_A_bis_c0,0.8116849,0.31003153
page578_M-454_A_bis_c0_sym_009,page578_M-454_A_bis_c0,-2.9506593,-1.2919406
page578_M-454_A_bis_c0_sym_010,page578_M-454_A_bis_c0,-0.5534416,-0.6310512
page578_M-454_A_c0_sym_001,page578_M-454_A_c0,1.5878042,0.8718938
page578_M-454_A_c0_sym_002,page578_M-454_A_c0,-7.7510223,6.422215
page578_M-454_A_c0_sym_003,page578_M-454_A_c0,3.6678245,2.5572398
page578_M-454_A_c0_sym_004,page578_M-454_A_c0,-3.1067588,-1.252292
page578_M-454_A_c0_sym_005,page578_M-454_A_c0,2.7413225,1.8069662
page578_M-454_A_c0_sym_006,page578_M-454_A_c0,-0.5493316,-0.6512557
page578_M-454_A_c0_sym_007,page578_M-454_A_c0,-3.0005953,-1.2896283
page578_M-454_A_c0_sym_008,page578_M-454_A_c0,0.8116849,0.31003153
page578_M-454_A_c0_sym_009,page578_M-454_A_c0,-2.9506593,-1.2919406
page578_M-454_A_c0_sym_010,page578_M-454_A_c0,-0.5534416,-0.6310512
page578_M-454_B_bis_c1_sym_001,page578_M-454_B_bis_c1,1.9604433,1.256995
page578_M-454_B_c1_sym_001,page578_M-454_B_c1,1.9604433,1.256995
page578_M-455_A_c0_sym_001,page578_M-455_A_c0,1.5878042,0.8718938
page578_M-455_A_c0_sym_002,page578_M-455_A_c0,-7.7510223,6.422215
page578_M-455_A_c0_sym_003,page578_M-455_A_c0,3.6678245,2.5572398
page578_M-455_A_c0_sym_004,page578_M-455_A_c0,-3.1067588,-1.252292
page578_M-455_A_c0_sym_005,page578_M-455_A_c0,2.7413225,1.8069662
page578_M-455_A_c0_sym_006,page578_M-455_A_c0,-0.5493316,-0.6512557
page578_M-455_A_c0_sym_007,page578_M-455_A_c0,-3.0005953,-1.2896283
page578_M-455_A_c0_sym_008,page578_M-455_A_c0,0.8116849,0.31003153
page578_M-455_A_c0_sym_009,page578_M-455_A_c0,-2.9506593,-1.2919406
page578_M-455_A_c0_sym_010,page578_M-455_A_c0,-0.5534416,-0.6310512
page578_M-455_B_bis_c0_sym_001,page578_M-455_B_bis_c0,-0.43880883,-0.5885476
page578_M-455_B_c1_sym_001,page578_M-455_B_c1,-0.6714239,-0.77996147
page578_M-456_B_c0_sym_001,page578_M-456_B_c0,4.0604277,2.8128405
page579_M-457_A_c0_sym_001,page579_M-457_A_c0,1.52024,0.93000734
page579_M-457_B_c0_sym_001,page579_M-457_B_c0,1.52024,0.93000734
page579_M-457_E_c0_sym_001,page579_M-457_E_c0,1.52024,0.93000734
page579_M-459_A_c0_sym_001,page579_M-459_A_c0,1.4073763,0.82628876
page579_M-460_A_c2_sym_001,page579_M-460_A_c2,1.8628738,1.1530887
page579_M-462_A_c0_sym_001,page579_M-462_A_c0,1.8628738,1.1530887
page579_M-464_A_c0_sym_001,page579_M-464_A_c0,2.1123676,1.3496991
page580_M-465_B_c0_sym_001,page580_M-465_B_c0,2.0261483,1.2852223
page580_M-466_A_c0_sym_001,page580_M-466_A_c0,2.1172705,1.3058814
page580_M-466_A_c0_sym_002,page580_M-466_A_c0,-0.4325374,-0.6334462
page580_M-466_A_c0_sym_003,page580_M-466_A_c0,1.5439055,0.8486957
page580_M-466_A_c0_sym_004,page580_M-466_A_c0,1.7246288,0.928392
page580_M-466_A_c0_sym_005,page580_M-466_A_c0,0.648751,0.11784082
page580_M-466_A_c0_sym_006,page580_M-466_A_c0,0.9813767,0.34337294
page580_M-466_A_c0_sym_007,page580_M-466_A_c0,2.3127728,1.5024801
page580_M-466_B_c1_sym_001,page580_M-466_B_c1,2.0261483,1.2852223
page580_M-467_A_bis_c0_sym_001,page580_M-467_A_bis_c0,2.1172705,1.3058814
page580_M-467_A_bis_c0_sym_002,page580_M-467_A_bis_c0,-0.4325374,-0.6334462
page580_M-467_A_bis_c0_sym_003,page580_M-467_A_bis_c0,1.5439055,0.8486957
page580_M-467_A_bis_c0_sym_004,page580_M-467_A_bis_c0,1.7246288,0.928392
page580_M-467_A_bis_c0_sym_005,page580_M-467_A_bis_c0,0.648751,0.11784082
page580_M-467_A_bis_c0_sym_006,page580_M-467_A_bis_c0,0.9813767,0.34337294
page580_M-467_A_bis_c0_sym_007,page580_M-467_A_bis_c0,2.3127728,1.5024801
page580_M-467_A_c0_sym_001,page580_M-467_A_c0,2.1172705,1.3058814
page580_M-467_A_c0_sym_002,page580_M-467_A_c0,-0.4325374,-0.6334462
page580_M-467_A_c0_sym_003,page580_M-467_A_c0,1.5439055,0.8486957
page580_M-467_A_c0_sym_004,page580_M-467_A_c0,1.7246288,0.928392
page580_M-467_A_c0_sym_005,page580_M-467_A_c0,0.648751,0.11784082
page580_M-467_A_c0_sym_006,page580_M-467_A_c0,0.9813767,0.34337294
page580_M-467_A_c0_sym_007,page580_M-467_A_c0,2.3127728,1.5024801
page580_M-467_B_c0_sym_001,page580_M-467_B_c0,2.0261483,1.2852223
page580_M-468_A_c0_sym_001,page580_M-468_A_c0,-1.1478648,-0.8615605
page580_M-468_E_c0_sym_001,page580_M-468_E_c0,-1.1478648,-0.8615605
page580_M-469_A_c0_sym_001,page580_M-469_A_c0,-1.1478648,-0.8615605
page580_M-470_A_c0_sym_001,page580_M-470_A_c0,-1.1478648,-0.8615605
page581_M-473_A_c0_sym_001,page581_M-473_A_c0,0.9766545,0.3261959
page581_M-473_A_c0_sym_002,page581_M-473_A_c0,0.5087082,0.018665334
page581_M-474_A_bis_c0_sym_001,page581_M-474_A_bis_c0,2.3681667,1.5414324
page581_M-474_A_c0_sym_001,page581_M-474_A_c0,2.3681667,1.5414324
page581_M-475_a_c0_sym_001,page581_M-475_a_c0,0.9766545,0.3261959
page581_M-475_a_c0_sym_002,page581_M-475_a_c0,0.5087082,0.018665334
page581_M-475_A_c1_sym_001,page581_M-475_A_c1,0.9766545,0.3261959
page581_M-475_A_c1_sym_002,page581_M-475_A_c1,0.5087082,0.018665334
page581_M-475_B_c0_sym_001,page581_M-475_B_c0,0.9766545,0.3261959
page581_M-475_B_c0_sym_002,page581_M-475_B_c0,0.5087082,0.018665334
page581_M-476_A_c0_sym_001,page581_M-476_A_c0,2.3681667,1.5414324
page581_M-476_B_c1_sym_001,page581_M-476_B_c1,-0.53066874,-0.65934783
page582_E-4_c0_sym_001,page582_E-4_c0,-1.0650159,-1.0622098
page582_M-478_A_c0_sym_001,page582_M-478_A_c0,-1.6218649,-1.0836127
page582_M-478_B_c1_sym_001,page582_M-478_B_c1,1.0449934,0.55890894
page582_M-478_C_c1_sym_001,page582_M-478_C_c1,-1.6218649,-1.0836127
page582_M-478_D_c3_sym_001,page582_M-478_D_c3,1.0449934,0.55890894
page582_M-478_E_c2_sym_001,page582_M-478_E_c2,1.0449934,0.55890894
page582_M-478_F_c0_sym_001,page582_M-478_F_c0,-1.6218649,-1.0836127
page582_M-479_A_c0_sym_001,page582_M-479_A_c0,-1.6218649,-1.0836127
page582_M-479_B_c1_sym_001,page582_M-479_B_c1,1.0449934,0.55890894
page582_M-480_A_c0_sym_001,page582_M-480_A_c0,-1.1386029,-1.1042808
page582_M-480_B_c1_sym_001,page582_M-480_B_c1,-1.0650159,-1.0622098
page582_M-480_c1_sym_001,page582_M-480_c1,-1.0650159,-1.0622098
page582_M-481_A_c0_sym_001,page582_M-481_A_c0,-1.1386029,-1.1042808
page582_M-481_a_c1_sym_001,page582_M-481_a_c1,-1.0650159,-1.0622098
page582_M-481_B_c0_sym_001,page582_M-481_B_c0,-1.1386029,-1.1042808
page582_M-481_b_c1_sym_001,page582_M-481_b_c1,-1.0650159,-1.0622098
page582_M-481_C_c0_sym_001,page582_M-481_C_c0,-1.0650159,-1.0622098
page582_M-481_E_c0_sym_001,page582_M-481_E_c0,-1.0650159,-1.0622098
page583_M-482_B_c1_sym_001,page583_M-482_B_c1,-0.8219481,-0.8873308
page583_M-483_B_bis_c0_sym_001,page583_M-483_B_bis_c0,-1.3166481,-1.15494
page583_M-483_B_c0_sym_001,page583_M-483_B_c0,-1.3166481,-1.15494
page583_M-483_E_c0_sym_001,page583_M-483_E_c0,-1.3166481,-1.15494
page584_M-484_A_bis_c0_sym_001,page584_M-484_A_bis_c0,0.8325331,0.394462
page584_M-484_A_c0_sym_001,page584_M-484_A_c0,0.8325331,0.394462
page584_M-484_B_c0_sym_001,page584_M-484_B_c0,0.8325331,0.394462
page584_M-485_A_c0_sym_001,page584_M-485_A_c0,0.8325331,0.394462
page585_M-486_b_c1_sym_001,page585_M-486_b_c1,1.3812673,0.792674
page585_M-487_A_c0_sym_001,page585_M-487_A_c0,-4.118301,0.043932945
page585_M-487_B_c0_sym_001,page585_M-487_B_c0,-4.118301,0.043932945
page585_M-487_C_c0_sym_001,page585_M-487_C_c0,1.6189402,1.0272447
page586_M-488_a_c0_sym_001,page586_M-488_a_c0,0.4697429,0.11157239
page586_M-488_B_c0_sym_001,page586_M-488_B_c0,0.4697429,0.11157239
page586_M-488_C_c0_sym_001,page586_M-488_C_c0,0.73979974,0.33443743
page587_M-489_b_c1_sym_001,page587_M-489_b_c1,-1.061404,-1.1208873
page587_M-489_c1_sym_001,page587_M-489_c1,-1.0682877,-1.1218952
page587_M-490_B_c0_sym_001,page587_M-490_B_c0,-1.0682877,-1.1218952
page587_M-491_B_c1_sym_001,page587_M-491_B_c1,-1.0682877,-1.1218952
page588_A-4_c0_sym_001,page588_A-4_c0,0.871352,0.44051635
page588_M-493_A_bis_c1_sym_001,page588_M-493_A_bis_c1,-0.54612464,-0.69628614
page588_M-493_B_c1_sym_001,page588_M-493_B_c1,-0.54612464,-0.69628614
page588_M-493_C_c0_sym_001,page588_M-493_C_c0,-0.54612464,-0.69628614
page588_M-494_A_bis_c1_sym_001,page588_M-494_A_bis_c1,-0.54612464,-0.69628614
page588_M-494_B_c0_sym_001,page588_M-494_B_c0,0.871352,0.44051635
page590_M-496_C_c0_sym_001,page590_M-496_C_c0,-0.7040681,-0.7864379
page590_M-497_A_c2_sym_001,page590_M-497_A_c2,-0.52769387,-0.63402057
page590_M-497_E_c0_sym_001,page590_M-497_E_c0,-0.52769387,-0.63402057
page591_M-498_C_c0_sym_001,page591_M-498_C_c0,-0.32474083,-0.4077046
page591_M-498_C_c0_sym_002,page591_M-498_C_c0,4.145135,2.8918529
page591_M-498_C_c0_sym_003,page591_M-498_C_c0,0.7658125,0.2060797
page591_M-498_C_c0_sym_004,page591_M-498_C_c0,1.5302033,0.7648832
page591_M-498_C_c0_sym_005,page591_M-498_C_c0,0.07654377,-0.2772427
page591_M-498_C_c0_sym_006,page591_M-498_C_c0,2.6842284,1.7114894
page591_M-498_C_c0_sym_007,page591_M-498_C_c0,-1.1600707,-0.86872095
page591_M-498_C_c0_sym_008,page591_M-498_C_c0,0.5551275,0.08854436
page591_M-498_C_c0_sym_009,page591_M-498_C_c0,0.98209137,0.35467127
page591_M-498_C_c0_sym_010,page591_M-498_C_c0,0.34544742,-0.10053347
page591_M-498_C_c0_sym_011,page591_M-498_C_c0,0.20193137,-0.19503082
page591_M-498_C_c0_sym_012,page591_M-498_C_c0,-0.038976982,-0.38008398
page591_M-498_C_c0_sym_013,page591_M-498_C_c0,0.5915538,0.14849475
page591_M-498_C_c0_sym_014,page591_M-498_C_c0,0.25062162,-0.05790259
page591_M-498_D_c3_sym_001,page591_M-498_D_c3,0.028391648,-0.23324549
page591_M-499_A_c2_sym_001,page591_M-499_A_c2,-0.25432053,-0.4792174
page591_M-499_E_c0_sym_001,page591_M-499_E_c0,-0.25432053,-0.4792174
page592_M-500_a_c0_sym_001,page592_M-500_a_c0,0.68768376,0.20851316
page592_M-500_a_c0_sym_002,page592_M-500_a_c0,3.3271768,2.2034338
page593_M-502_B_c1_sym_001,page593_M-502_B_c1,-4.918834,-1.7737684
page593_M-503_A_c0_sym_001,page593_M-503_A_c0,4.173207,2.90808
page593_M-504_A_c0_sym_001,page593_M-504_A_c0,4.173207,2.90808
page593_M-505_B_c1_sym_001,page593_M-505_B_c1,4.0691147,2.8344035
page593_M-505_B_c1_sym_002,page593_M-505_B_c1,-0.40913805,-0.6361704
page593_M-505_B_c1_sym_003,page593_M-505_B_c1,3.6425219,2.5258312
page593_M-505_B_c1_sym_004,page593_M-505_B_c1,0.607646,0.114060506
page593_M-505_B_c1_sym_005,page593_M-505_B_c1,-0.99704254,-1.036048
page593_M-505_B_c1_sym_006,page593_M-505_B_c1,-0.42989993,-0.62170243
page593_M-505_B_c1_sym_007,page593_M-505_B_c1,-0.26680383,-0.5178124
page593_M-505_B_c1_sym_008,page593_M-505_B_c1,-0.9424115,-0.9992782
page593_M-505_B_c1_sym_009,page593_M-505_B_c1,0.2513802,-0.14633782
page593_M-505_B_c1_sym_010,page593_M-505_B_c1,-0.04573878,-0.3842438
page593_M-505_B_c1_sym_011,page593_M-505_B_c1,0.3798426,-0.053141486
page593_M-505_B_c1_sym_012,page593_M-505_B_c1,-1.0909084,-1.1257889
page593_M-505_B_c1_sym_013,page593_M-505_B_c1,0.24914387,-0.12965357
page593_M-505_B_c1_sym_014,page593_M-505_B_c1,0.023996385,-0.31252226
page593_M-505_B_c1_sym_015,page593_M-505_B_c1,-0.35913792,-0.5826278
page593_M-505_B_c1_sym_016,page593_M-505_B_c1,-0.6786709,-0.79604757
page593_M-505_B_c1_sym_017,page593_M-505_B_c1,0.30315107,-0.08160579
page593_M-505_B_c1_sym_018,page593_M-505_B_c1,-1.1593977,-1.1368476
page593_M-505_B_c1_sym_019,page593_M-505_B_c1,0.907803,0.45418036
page593_M-505_B_c1_sym_020,page593_M-505_B_c1,-0.7921918,-0.8659015
page593_M-505_B_c1_sym_021,page593_M-505_B_c1,0.49716,0.01650747
page593_M-505_B_c1_sym_022,page593_M-505_B_c1,-0.9418066,-1.0029793
page593_M-505_B_c1_sym_023,page593_M-505_B_c1,-1.146835,-1.0956336
page593_M-505_B_c1_sym_024,page593_M-505_B_c1,-1.0843043,-1.1248
page593_M-505_B_c1_sym_025,page593_M-505_B_c1,0.24249771,-0.18145028
page593_M-505_B_c1_sym_026,page593_M-505_B_c1,0.87324494,0.27261877
page593_M-505_B_c1_sym_027,page593_M-505_B_c1,-0.5927048,-0.78102696
page593_M-505_B_c1_sym_028,page593_M-505_B_c1,-0.40751582,-0.6506032
page593_M-505_B_c1_sym_029,page593_M-505_B_c1,-0.49471927,-0.6303814
page593_M-505_B_c1_sym_030,page593_M-505_B_c1,-1.378471,-1.1205591
page594_A-9_c0_sym_001,page594_A-9_c0,-0.105033405,-0.18612996
page594_M-506_A_bis_c0_sym_001,page594_M-506_A_bis_c0,-0.105033405,-0.18612996
page594_M-506_A_c0_sym_001,page594_M-506_A_c0,-0.105033405,-0.18612996
page594_M-507_A_c0_sym_001,page594_M-507_A_c0,-1.0104656,-0.99726546
page594_M-507_B_c1_sym_001,page594_M-507_B_c1,1.5432143,0.8738014
page594_M-507_B_c1_sym_002,page594_M-507_B_c1,0.06281779,-0.2853184
page594_M-507_B_c1_sym_003,page594_M-507_B_c1,0.5907603,0.08436397
page594_M-507_B_c1_sym_004,page594_M-507_B_c1,-0.95952326,-1.0097083
page594_M-507_B_c1_sym_005,page594_M-507_B_c1,4.7054687,3.351503
page594_M-507_B_c1_sym_006,page594_M-507_B_c1,-1.1173714,-1.1288925
page594_M-507_B_c1_sym_007,page594_M-507_B_c1,-1.0335925,-1.1167984
page594_M-507_B_c1_sym_008,page594_M-507_B_c1,0.86806947,0.2712982
page594_M-507_B_c1_sym_009,page594_M-507_B_c1,1.6812167,0.9046519
page594_M-507_B_c1_sym_010,page594_M-507_B_c1,0.16146299,-0.24795167
page594_M-507_B_c1_sym_011,page594_M-507_B_c1,-1.302822,-1.1526786
page594_M-507_B_c1_sym_012,page594_M-507_B_c1,-0.7150902,-0.80420095
page594_M-507_B_c1_sym_013,page594_M-507_B_c1,-0.85748774,-0.93761146
page594_M-507_B_c1_sym_014,page594_M-507_B_c1,0.2725052,-0.15116744
page594_M-507_B_c1_sym_015,page594_M-507_B_c1,0.39075926,-0.049790177
page594_M-507_B_c1_sym_016,page594_M-507_B_c1,-0.4134846,-0.65293115
page594_M-507_B_c1_sym_017,page594_M-507_B_c1,-2.8795242,-1.2888527
page594_M-507_B_c1_sym_018,page594_M-507_B_c1,-1.0529442,-1.1197317
page594_M-507_B_c1_sym_019,page594_M-507_B_c1,1.8756311,1.0176252
page594_M-507_B_c1_sym_020,page594_M-507_B_c1,0.17806056,-0.117738575
page594_M-507_B_c1_sym_021,page594_M-507_B_c1,-2.8664331,-1.287446
page594_M-507_B_c1_sym_022,page594_M-507_B_c1,-0.9851658,-1.0649923
page594_M-507_B_c1_sym_023,page594_M-507_B_c1,-1.2408534,-1.0757822
page594_M-507_B_c1_sym_024,page594_M-507_B_c1,0.28881618,-0.12005796
page594_M-507_B_c1_sym_025,page594_M-507_B_c1,0.28986672,-0.14493898
page594_M-507_B_c1_sym_026,page594_M-507_B_c1,-0.030021857,-0.28553966
page594_M-507_B_c1_sym_027,page594_M-507_B_c1,0.18303014,-0.23742245
page594_M-507_B_c1_sym_028,page594_M-507_B_c1,-0.93262184,-0.95529765
page594_M-507_B_c1_sym_029,page594_M-507_B_c1,-3.7452104,-1.2215669
page594_M-507_B_c1_sym_030,page594_M-507_B_c1,1.1485679,0.4838921
page594_M-507_B_c1_sym_031,page594_M-507_B_c1,-0.106151566,-0.3622271
page594_M-507_B_c1_sym_032,page594_M-507_B_c1,-3.2457154,-1.2356657
page594_M-507_B_c1_sym_033,page594_M-507_B_c1,0.85180664,0.2738
page594_M-507_B_c1_sym_034,page594_M-507_B_c1,0.5690598,0.03183286
page594_M-507_B_c1_sym_035,page594_M-507_B_c1,-1.1590556,-1.1365376
page594_M-507_B_c1_sym_036,page594_M-507_B_c1,0.26738042,-0.18189363
page594_M-507_B_c1_sym_037,page594_M-507_B_c1,1.511039,0.80286723
page594_M-507_B_c1_sym_038,page594_M-507_B_c1,1.0331708,0.42150936
page594_M-507_B_c1_sym_039,page594_M-507_B_c1,-1.0209851,-1.0592979
page594_M-507_B_c1_sym_040,page594_M-507_B_c1,-0.0991849,-0.4175894
page594_M-507_B_c1_sym_041,page594_M-507_B_c1,1.0646362,0.5041084
page594_M-507_B_c1_sym_042,page594_M-507_B_c1,-1.0961686,-1.1267849
page594_M-507_B_c1_sym_043,page594_M-507_B_c1,0.42135194,-0.019657774
page594_M-507_B_c1_sym_044,page594_M-507_B_c1,-4.2223063,-1.6246186
page594_M-507_B_c1_sym_045,page594_M-507_B_c1,0.17115183,-0.07341612
page594_M-507_B_c1_sym_046,page594_M-507_B_c1,-1.0300756,-1.1162311
page594_M-507_B_c1_sym_047,page594_M-507_B_c1,0.39143407,-0.0801055
page594_M-507_B_c1_sym_048,page594_M-507_B_c1,1.0255815,0.48092613
page594_M-507_B_c1_sym_049,page594_M-507_B_c1,0.19149782,-0.23420757
page594_M-507_B_c1_sym_050,page594_M-507_B_c1,-0.41235715,-0.6634655
page594_M-507_B_c1_sym_051,page594_M-507_B_c1,-1.1174451,-1.1292589
page594_M-507_B_c1_sym_052,page594_M-507_B_c1,-0.4815982,-0.6777169
page594_M-507_B_c1_sym_053,page594_M-507_B_c1,-1.0646958,-1.1217414
page594_M-507_B_c1_sym_054,page594_M-507_B_c1,-1.0136577,-1.1044909
page594_M-507_B_c1_sym_055,page594_M-507_B_c1,-1.0492965,-1.1190732
page595_M-512_B_c0_sym_001,page595_M-512_B_c0,0.5088585,0.05129687
page596_M-514_A_c0_sym_001,page596_M-514_A_c0,1.4390109,0.6759605
page596_M-514_A_c0_sym_002,page596_M-514_A_c0,-0.10880154,-0.40942168
page596_M-514_A_c0_sym_003,page596_M-514_A_c0,0.8598189,0.27798808
page596_M-514_A_c0_sym_004,page596_M-514_A_c0,1.5248992,0.7388666
page596_M-514_A_c0_sym_005,page596_M-514_A_c0,0.23796165,-0.16745278
page596_M-514_A_c0_sym_006,page596_M-514_A_c0,0.8832558,0.28353116
page596_M-514_A_c0_sym_007,page596_M-514_A_c0,0.154522,-0.22338012
page596_M-514_A_c0_sym_008,page596_M-514_A_c0,0.62762153,0.09212985
page596_M-514_A_c0_sym_009,page596_M-514_A_c0,1.5036048,0.7317561
page596_M-514_A_c0_sym_010,page596_M-514_A_c0,0.38106626,-0.047942944
page596_M-514_A_c0_sym_011,page596_M-514_A_c0,1.5318993,0.75380945
page596_M-514_A_c0_sym_012,page596_M-514_A_c0,0.97073114,0.36127964
page596_M-514_A_c0_sym_013,page596_M-514_A_c0,1.1299081,0.450894
page596_M-514_A_c0_sym_014,page596_M-514_A_c0,1.3221407,0.6010084
page596_M-514_A_c0_sym_015,page596_M-514_A_c0,0.16703898,-0.14836845
page596_M-514_A_c0_sym_016,page596_M-514_A_c0,-0.38334128,-0.53408575
page596_M-514_A_c0_sym_017,page596_M-514_A_c0,0.9696609,0.3467616
page596_M-514_A_c0_sym_018,page596_M-514_A_c0,1.1711345,0.4888125
page596_M-514_A_c0_sym_019,page596_M-514_A_c0,1.5786803,0.8082553
page596_M-516_A_c0_sym_001,page596_M-516_A_c0,5.1159577,3.606364
page596_M-516_B_c1_sym_001,page596_M-516_B_c1,5.1159577,3.606364
page596_M-5_c0_sym_001,page596_M-5_c0,5.545959,3.9552164
page596_M-5_S_c0_sym_001,page596_M-5_S_c0,5.545959,3.9552164
page598_M-521_A_c0_sym_001,page598_M-521_A_c0,0.96610546,0.37238663
page598_M-521_A_c0_sym_002,page598_M-521_A_c0,2.4859602,1.6329595
page598_M-522_A_c0_sym_001,page598_M-522_A_c0,0.96610546,0.37238663
page598_M-522_A_c0_sym_002,page598_M-522_A_c0,2.4859602,1.6329595
page598_M-523_A_c0_sym_001,page598_M-523_A_c0,0.96610546,0.37238663
page598_M-523_A_c0_sym_002,page598_M-523_A_c0,2.4859602,1.6329595
page598_M-524_A_c0_sym_001,page598_M-524_A_c0,2.412548,1.5542594
page599_M-526_A_c0_sym_001,page599_M-526_A_c0,3.6951077,2.5743668
page599_M-526_B_c1_sym_001,page599_M-526_B_c1,-0.9099735,-0.99227387
page599_M-527_A_c0_sym_001,page599_M-527_A_c0,3.6951077,2.5743668
page599_M-527_B_c1_sym_001,page599_M-527_B_c1,-0.9099735,-0.99227387
page599_M-528_A_c0_sym_001,page599_M-528_A_c0,0.14687456,-0.002092374
page600_M-529_A_c0_sym_001,page600_M-529_A_c0,4.2064,2.9866052
page600_M-529_A_c0_sym_002,page600_M-529_A_c0,0.040081985,-0.34135735
page600_M-529_A_c0_sym_003,page600_M-529_A_c0,-0.7309744,-0.8506788
page600_M-529_A_c0_sym_004,page600_M-529_A_c0,-1.4544816,-1.1698819
page600_M-529_A_c0_sym_005,page600_M-529_A_c0,-2.9737236,-1.2937126
page600_M-529_A_c0_sym_006,page600_M-529_A_c0,-0.560862,-0.74821836
page600_M-529_A_c0_sym_007,page600_M-529_A_c0,-0.68865615,-0.8124494
page600_M-529_A_c0_sym_008,page600_M-529_A_c0,0.3134337,-0.12090526
page600_M-529_A_c0_sym_009,page600_M-529_A_c0,-0.0324509,-0.3640605
page600_M-529_A_c0_sym_010,page600_M-529_A_c0,2.320602,1.4718764
page600_M-529_B_c1_sym_001,page600_M-529_B_c1,2.2770517,1.4848634
page600_M-529_B_c1_sym_002,page600_M-529_B_c1,-0.53300977,-0.7522062
page600_M-529_B_c1_sym_003,page600_M-529_B_c1,2.6407204,1.7771136
page600_M-530_A_c0_sym_001,page600_M-530_A_c0,4.2064,2.9866052
page600_M-530_A_c0_sym_002,page600_M-530_A_c0,0.040081985,-0.34135735
page600_M-530_A_c0_sym_003,page600_M-530_A_c0,-0.7309744,-0.8506788
page600_M-530_A_c0_sym_004,page600_M-530_A_c0,-1.4544816,-1.1698819
page600_M-530_A_c0_sym_005,page600_M-530_A_c0,-2.9737236,-1.2937126
page600_M-530_A_c0_sym_006,page600_M-530_A_c0,-0.560862,-0.74821836
page600_M-530_A_c0_sym_007,page600_M-530_A_c0,-0.68865615,-0.8124494
page600_M-530_A_c0_sym_008,page600_M-530_A_c0,0.3134337,-0.12090526
page600_M-530_A_c0_sym_009,page600_M-530_A_c0,-0.0324509,-0.3640605
page600_M-530_A_c0_sym_010,page600_M-530_A_c0,2.320602,1.4718764
page600_M-530_B_c1_sym_001,page600_M-530_B_c1,0.28097647,-0.0954562
page600_M-530_B_c1_sym_002,page600_M-530_B_c1,-0.6563603,-0.65989894
page601_M-533_B_c1_sym_001,page601_M-533_B_c1,3.3055556,2.236291
page601_M-534_A_c0_sym_001,page601_M-534_A_c0,-1.2027748,-1.0771378
page601_M-534_A_c0_sym_002,page601_M-534_A_c0,-1.0325446,-1.0700192
page601_M-534_A_c0_sym_003,page601_M-534_A_c0,-0.8612811,-0.8842658
page601_M-534_A_c0_sym_004,page601_M-534_A_c0,-1.1574299,-1.1344985
page601_M-534_A_c0_sym_005,page601_M-534_A_c0,-1.0408874,-1.0089672
page602_M-537_A_c0_sym_001,page602_M-537_A_c0,3.877923,2.677143
page602_M-537_B_c1_sym_001,page602_M-537_B_c1,3.8736267,2.6731107
page602_M-538_A_c0_sym_001,page602_M-538_A_c0,3.877923,2.677143
page602_M-538_B_c1_sym_001,page602_M-538_B_c1,3.8736267,2.6731107
page603_M-541_A_c0_sym_001,page603_M-541_A_c0,4.506319,3.2374947
page603_M-541_B_c1_sym_001,page603_M-541_B_c1,0.7269289,0.37797502
page603_M-541_B_c1_sym_002,page603_M-541_B_c1,0.83611685,0.30197835
page603_M-541_B_c1_sym_003,page603_M-541_B_c1,-0.2980152,-0.5590859
page603_M-541_B_c1_sym_004,page603_M-541_B_c1,0.028967232,-0.34400678
page603_M-541_B_c1_sym_005,page603_M-541_B_c1,3.762678,2.6312091
page603_M-542_B_c0_sym_001,page603_M-542_B_c0,0.7269289,0.37797502
page603_M-542_B_c0_sym_002,page603_M-542_B_c0,0.83611685,0.30197835
page603_M-542_B_c0_sym_003,page603_M-542_B_c0,-0.2980152,-0.5590859
page603_M-542_B_c0_sym_004,page603_M-542_B_c0,0.028967232,-0.34400678
page603_M-542_B_c0_sym_005,page603_M-542_B_c0,3.762678,2.6312091
page603_M-543_B_c1_sym_001,page603_M-543_B_c1,-1.3676205,-1.1552095
page604_M-3547_A_c0_sym_001,page604_M-3547_A_c0,3.0635214,2.0757906
page604_M-545_A_c0_sym_001,page604_M-545_A_c0,3.0635214,2.0757906
page604_M-546_A_c0_sym_001,page604_M-546_A_c0,3.0635214,2.0757906
page604_M-548_A_c0_sym_001,page604_M-548_A_c0,-1.2750229,-0.5409597
page605_M-549_A_c0_sym_001,page605_M-549_A_c0,0.11781659,-0.09117876
page605_M-549_A_c0_sym_002,page605_M-549_A_c0,1.280915,0.5726271
page605_M-549_B_c1_sym_001,page605_M-549_B_c1,-0.3125412,-0.52252156
page605_M-549_B_c1_sym_002,page605_M-549_B_c1,-2.9592702,-1.2944428
page605_M-549_B_c1_sym_003,page605_M-549_B_c1,-0.090742335,-0.39787152
page605_M-549_B_c1_sym_004,page605_M-549_B_c1,4.446182,3.1142294
page605_M-550_B_c1_sym_001,page605_M-550_B_c1,-1.5553153,-0.5865197
page605_M-551_B_c0_sym_001,page605_M-551_B_c0,-1.5553153,-0.5865197
page605_M-552_B_c1_sym_001,page605_M-552_B_c1,-1.5553153,-0.5865197
page606_M-553_B_c1_sym_001,page606_M-553_B_c1,-0.91805416,-0.9387021
page606_M-553_B_c1_sym_002,page606_M-553_B_c1,-0.7197476,-0.8094335
page606_M-554_B_c1_sym_001,page606_M-554_B_c1,-0.91805416,-0.9387021
page606_M-554_B_c1_sym_002,page606_M-554_B_c1,-0.7197476,-0.8094335
page606_M-555_B_c1_sym_001,page606_M-555_B_c1,-1.2310024,-1.1624106
page606_M-556_A_c0_sym_001,page606_M-556_A_c0,-1.0595723,-1.12095
page606_M-556_B_c1_sym_001,page606_M-556_B_c1,-1.1586697,-1.1446992
page606_M-556_B_c1_sym_002,page606_M-556_B_c1,-0.44189218,-0.5388766
page607_M-557_B_c0_sym_001,page607_M-557_B_c0,-1.1557474,-0.91586626
page607_M-558_A_c0_sym_001,page607_M-558_A_c0,0.24653912,-0.15857609
page607_M-558_A_c0_sym_002,page607_M-558_A_c0,0.09807105,-0.26417744
page607_M-558_B_c1_sym_001,page607_M-558_B_c1,-1.1557474,-0.91586626
page607_M-559_A_c0_sym_001,page607_M-559_A_c0,-1.0710062,-0.82552654
page607_M-560_A_c0_sym_001,page607_M-560_A_c0,-1.0710062,-0.82552654
page608_M-563_B_c1_sym_001,page608_M-563_B_c1,-2.9623284,-1.2940431
page608_M-564_A_c0_sym_001,page608_M-564_A_c0,-0.97562754,-0.9456911
page608_M-564_B_c1_sym_001,page608_M-564_B_c1,-2.9623284,-1.2940431
page609_M-545_B_c1_sym_001,page609_M-545_B_c1,3.9971251,2.7851515
page609_M-565_A_c0_sym_001,page609_M-565_A_c0,3.688603,2.5424137
page611_M-576_A_c0_sym_001,page611_M-576_A_c0,-1.0758661,-1.1233965
page611_M-576_A_c0_sym_002,page611_M-576_A_c0,-1.1231841,-1.1313081
page611_M-576_B_c1_sym_001,page611_M-576_B_c1,-2.3668125,-1.1639642
page611_M-576_B_c1_sym_002,page611_M-576_B_c1,-1.5412942,-1.0572128
page612_M-577_A_bis_c0_sym_001,page612_M-577_A_bis_c0,-1.1857171,-1.0030657
page612_M-577_B_bis_c1_sym_001,page612_M-577_B_bis_c1,-0.90773135,-0.94701993
page612_M-577_B_c0_sym_001,page612_M-577_B_c0,-0.90773135,-0.94701993
page612_M-578_A_bis_c0_sym_001,page612_M-578_A_bis_c0,1.203414,0.6909768
page612_M-578_A_c0_sym_001,page612_M-578_A_c0,-1.1857171,-1.0030657
page613_M-579_B_c0_sym_001,page613_M-579_B_c0,-1.2837821,-1.150476
page613_M-579_B_c0_sym_002,page613_M-579_B_c0,-1.0816427,-1.1240832
page613_M-580_B_c1_sym_001,page613_M-580_B_c1,-1.2837821,-1.150476
page613_M-580_B_c1_sym_002,page613_M-580_B_c1,-1.0816427,-1.1240832
page613_M-581_A_c0_sym_001,page613_M-581_A_c0,0.05401256,-0.2612486
page613_M-581_A_c0_sym_002,page613_M-581_A_c0,0.99915427,0.36972725
page614_M-582_B_c0_sym_001,page614_M-582_B_c0,-1.138475,-1.1311455
page614_M-583_A_c0_sym_001,page614_M-583_A_c0,0.5584557,0.13156879
page614_M-583_A_c0_sym_002,page614_M-583_A_c0,0.98133427,0.4838489
page614_M-583_A_c0_sym_003,page614_M-583_A_c0,2.9335918,1.9720018
page614_M-583_A_c0_sym_004,page614_M-583_A_c0,-0.98240906,-0.9076782
page614_M-583_A_c0_sym_005,page614_M-583_A_c0,-1.2584935,-1.1469871
page614_M-583_A_c0_sym_006,page614_M-583_A_c0,0.13502441,-0.19081731
page614_M-583_A_c0_sym_007,page614_M-583_A_c0,1.2464056,0.637541
page614_M-583_A_c0_sym_008,page614_M-583_A_c0,-0.8962266,-0.8832801
page614_M-583_A_c0_sym_009,page614_M-583_A_c0,0.9324429,0.3486077
page614_M-583_A_c0_sym_010,page614_M-583_A_c0,-0.48100266,-0.6301536
page614_M-583_A_c0_sym_011,page614_M-583_A_c0,-1.012773,-1.044815
page614_M-583_A_c0_sym_012,page614_M-583_A_c0,0.52023375,0.076969884
page614_M-583_A_c0_sym_013,page614_M-583_A_c0,-0.02125601,-0.37188053
page614_M-583_A_c0_sym_014,page614_M-583_A_c0,-5.745277,3.8462934
page614_M-583_A_c0_sym_015,page614_M-583_A_c0,-1.4324173,-1.167483
page614_M-583_A_c0_sym_016,page614_M-583_A_c0,-2.1577132,-1.2116636
page614_M-584_B_c0_sym_001,page614_M-584_B_c0,0.5584557,0.13156879
page614_M-584_B_c0_sym_002,page614_M-584_B_c0,0.98133427,0.4838489
page614_M-584_B_c0_sym_003,page614_M-584_B_c0,2.9335918,1.9720018
page614_M-584_B_c0_sym_004,page614_M-584_B_c0,-0.98240906,-0.9076782
page614_M-584_B_c0_sym_005,page614_M-584_B_c0,-1.2584935,-1.1469871
page614_M-584_B_c0_sym_006,page614_M-584_B_c0,0.13502441,-0.19081731
page614_M-584_B_c0_sym_007,page614_M-584_B_c0,1.2464056,0.637541
page614_M-584_B_c0_sym_008,page614_M-584_B_c0,-0.8962266,-0.8832801
page614_M-584_B_c0_sym_009,page614_M-584_B_c0,0.9324429,0.3486077
page614_M-584_B_c0_sym_010,page614_M-584_B_c0,-0.48100266,-0.6301536
page614_M-584_B_c0_sym_011,page614_M-584_B_c0,-1.012773,-1.044815
page614_M-584_B_c0_sym_012,page614_M-584_B_c0,0.52023375,0.076969884
page614_M-584_B_c0_sym_013,page614_M-584_B_c0,-0.02125601,-0.37188053
page614_M-584_B_c0_sym_014,page614_M-584_B_c0,-5.745277,3.8462934
page614_M-584_B_c0_sym_015,page614_M-584_B_c0,-1.4324173,-1.167483
page614_M-584_B_c0_sym_016,page614_M-584_B_c0,-2.1577132,-1.2116636
page615_E-2_S_c0_sym_001,page615_E-2_S_c0,-0.83331823,-0.7227275
page615_M-586_A_c0_sym_001,page615_M-586_A_c0,-0.83331823,-0.7227275
page615_M-587_A_c0_sym_001,page615_M-587_A_c0,-0.7464136,-0.8165881
page615_M-587_A_c0_sym_002,page615_M-587_A_c0,-1.4347808,-1.1828487
page615_M-587_A_c0_sym_003,page615_M-587_A_c0,-1.0219535,-1.1149055
page616_M-591_B_c0_sym_001,page616_M-591_B_c0,-0.72494537,-0.845594
page617_M-504_A_bis_c0_sym_001,page617_M-504_A_bis_c0,-0.02828663,-0.34116253
page617_M-504_A_bis_c0_sym_002,page617_M-504_A_bis_c0,-0.88016474,-0.6434101
page617_M-592_B_c0_sym_001,page617_M-592_B_c0,2.3741148,1.5314425
page617_M-594_A_c0_sym_001,page617_M-594_A_c0,-0.02828663,-0.34116253
page617_M-594_A_c0_sym_002,page617_M-594_A_c0,-0.88016474,-0.6434101
page617_M-596_A_c0_sym_001,page617_M-596_A_c0,-0.02828663,-0.34116253
page617_M-596_A_c0_sym_002,page617_M-596_A_c0,-0.88016474,-0.6434101
page617_M-597_A_c0_sym_001,page617_M-597_A_c0,-0.02828663,-0.34116253
page617_M-597_A_c0_sym_002,page617_M-597_A_c0,-0.88016474,-0.6434101
page618_M-599_B_c1_sym_001,page618_M-599_B_c1,1.6159005,1.0308311
page618_M-600_B_c1_sym_001,page618_M-600_B_c1,1.6159005,1.0308311
page618_M-601_B_c1_sym_001,page618_M-601_B_c1,1.6159005,1.0308311
page618_M-602_A_c0_sym_001,page618_M-602_A_c0,3.0248425,2.0123162
page618_M-602_A_c0_sym_002,page618_M-602_A_c0,0.38123336,-0.06281084
page618_M-602_A_c0_sym_003,page618_M-602_A_c0,0.81962425,0.23413338
page618_M-602_A_c0_sym_004,page618_M-602_A_c0,-1.0811322,-1.1244051
page618_M-602_A_c0_sym_005,page618_M-602_A_c0,-0.054972515,-0.3729634
page618_M-602_A_c0_sym_006,page618_M-602_A_c0,1.1205181,0.47256455
page618_M-602_A_c0_sym_007,page618_M-602_A_c0,-5.4921775,-1.6880358
page618_M-602_A_c0_sym_008,page618_M-602_A_c0,-0.12452612,-0.41878325
page618_M-602_A_c0_sym_009,page618_M-602_A_c0,-0.93800235,-0.99819374
page618_M-602_A_c0_sym_010,page618_M-602_A_c0,1.2778761,0.60391176
page618_M-602_A_c0_sym_011,page618_M-602_A_c0,-0.5866204,-0.7593751
page618_M-602_A_c0_sym_012,page618_M-602_A_c0,-2.8914902,-1.2815744
page618_M-602_A_c0_sym_013,page618_M-602_A_c0,2.2434778,1.361163
page618_M-602_A_c0_sym_014,page618_M-602_A_c0,-0.008112945,-0.33662724
page618_M-602_A_c0_sym_015,page618_M-602_A_c0,-1.1418381,-1.0327067
page618_M-602_A_c0_sym_016,page618_M-602_A_c0,1.1584935,0.6276195
page618_M-602_A_c0_sym_017,page618_M-602_A_c0,-2.9905202,-1.2791044
page618_M-602_A_c0_sym_018,page618_M-602_A_c0,2.3749416,1.5781089
page618_M-602_A_c0_sym_019,page618_M-602_A_c0,0.51590276,0.0113519905
page618_M-602_A_c0_sym_020,page618_M-602_A_c0,-0.49735993,-0.68899786
page618_M-602_A_c0_sym_021,page618_M-602_A_c0,-0.38106295,-0.6120817
page618_M-602_A_c0_sym_022,page618_M-602_A_c0,-1.7110664,-1.1957026
page618_M-602_A_c0_sym_023,page618_M-602_A_c0,1.920696,1.1926584
page618_M-602_A_c0_sym_024,page618_M-602_A_c0,-1.0820408,-1.1238843
page618_M-602_A_c0_sym_025,page618_M-602_A_c0,-2.842066,-1.286062
page618_M-602_A_c0_sym_026,page618_M-602_A_c0,-0.2588406,-0.4709122
page618_M-602_A_c0_sym_027,page618_M-602_A_c0,-0.3282018,-0.5801243
page618_M-602_A_c0_sym_028,page618_M-602_A_c0,0.8441991,0.35707512
page618_M-602_A_c0_sym_029,page618_M-602_A_c0,0.66334736,0.2436239
page618_M-602_A_c0_sym_030,page618_M-602_A_c0,-2.8621025,-1.2876803
page618_M-602_A_c0_sym_031,page618_M-602_A_c0,0.8078927,0.2522079
page618_M-602_A_c0_sym_032,page618_M-602_A_c0,0.12519883,-0.24801637
page618_M-602_B_c1_sym_001,page618_M-602_B_c1,2.1614716,1.4113036
page619_M-5_B_c1_sym_001,page619_M-5_B_c1,1.8521446,1.1712027
page619_M-604_B_bis_c0_sym_001,page619_M-604_B_bis_c0,1.8521446,1.1712027
page619_M-605_A_c0_sym_001,page619_M-605_A_c0,1.638725,1.0184406
page619_M-606_A_c0_sym_001,page619_M-606_A_c0,-1.1075172,-1.1284112
page619_M-606_B_c1_sym_001,page619_M-606_B_c1,1.4725683,0.8865122
page619_M-6_c0_sym_001,page619_M-6_c0,1.8521446,1.1712027
page620_M-613_A_c2_sym_001,page620_M-613_A_c2,1.5452247,0.7728907
page620_M-613_A_c2_sym_002,page620_M-613_A_c2,1.7096832,0.85352224
page620_M-613_A_c2_sym_003,page620_M-613_A_c2,1.426334,0.78992325
page620_M-613_A_c2_sym_004,page620_M-613_A_c2,0.9179849,0.29978508
page620_M-613_A_c2_sym_005,page620_M-613_A_c2,0.041098338,-0.32482287
page620_M-613_A_c2_sym_006,page620_M-613_A_c2,-0.011727107,-0.3123731
page620_M-613_A_c2_sym_007,page620_M-613_A_c2,1.8965478,1.1048164
page620_M-613_A_c2_sym_008,page620_M-613_A_c2,1.3748467,0.7485212
page620_M-613_A_c2_sym_009,page620_M-613_A_c2,1.2304783,0.6177621
page620_M-613_A_c2_sym_010,page620_M-613_A_c2,0.74942315,0.16591527
page620_M-613_A_c2_sym_011,page620_M-613_A_c2,0.68413126,0.14009577
page620_M-613_A_c2_sym_012,page620_M-613_A_c2,0.9912585,0.34687018
page620_M-613_A_c2_sym_013,page620_M-613_A_c2,0.6791707,0.13232705
page620_M-613_A_c2_sym_014,page620_M-613_A_c2,0.46255267,0.005466909
page620_M-613_A_c2_sym_015,page620_M-613_A_c2,0.5046397,0.0013503433
page620_M-613_A_c2_sym_016,page620_M-613_A_c2,0.90450597,0.29585883
page624_H-1_A_c0_sym_001,page624_H-1_A_c0,-0.4587936,-0.60246944
page624_H-1_A_c0_sym_002,page624_H-1_A_c0,-1.010686,-1.0915929
page625_H-2_A_c0_sym_001,page625_H-2_A_c0,4.1298323,2.8777962
page627_H-4_A_c0_sym_001,page627_H-4_A_c0,-1.1371776,-1.1316804
page637_H-17_a_c0_sym_001,page637_H-17_a_c0,0.36009347,0.034824327
page638_H-18_a_c1_sym_001,page638_H-18_a_c1,1.633666,0.87920725
page638_H-19_a_c1_sym_001,page638_H-19_a_c1,-1.2887583,-1.0448539
page638_H-19_a_c1_sym_002,page638_H-19_a_c1,-1.3471353,-1.1578653
page639_H-21_A_c0_sym_001,page639_H-21_A_c0,0.5922248,0.039335527
page639_H-21_A_c0_sym_002,page639_H-21_A_c0,-1.032218,-1.1165228
page639_H-21_A_c0_sym_003,page639_H-21_A_c0,-0.32411918,-0.57082504
page639_H-21_A_c0_sym_004,page639_H-21_A_c0,-0.58458185,-0.76571304
page639_H-21_A_c0_sym_005,page639_H-21_A_c0,1.0568612,0.39593747
page639_H-21_A_c0_sym_006,page639_H-21_A_c0,-1.609695,-1.1849307
page639_H-21_A_c0_sym_007,page639_H-21_A_c0,-1.6096594,-1.1852045
page640_H-24_A_c0_sym_001,page640_H-24_A_c0,-1.5055665,-1.1383586
page643_H-33_A_c0_sym_001,page643_H-33_A_c0,-5.3333416,-1.3252479
page643_H-34_A_c0_sym_001,page643_H-34_A_c0,-5.3333416,-1.3252479
page644_H-37_a_c1_sym_001,page644_H-37_a_c1,0.6512532,0.12208881
page645_H-39_A_c0_sym_001,page645_H-39_A_c0,-1.048468,-1.1190511
page645_H-39_A_c0_sym_002,page645_H-39_A_c0,-2.2042537,-1.2651256
page645_H-39_A_c0_sym_003,page645_H-39_A_c0,-0.046060696,-0.38969666
page645_H-39_A_c0_sym_004,page645_H-39_A_c0,2.232865,1.4142246
page645_H-39_A_c0_sym_005,page645_H-39_A_c0,0.5670103,0.07059288
page645_H-39_A_c0_sym_006,page645_H-39_A_c0,1.1281933,0.49325535
page645_H-39_A_c0_sym_007,page645_H-39_A_c0,5.6783404,4.0957303
page645_H-39_a_c1_sym_001,page645_H-39_a_c1,-1.1398842,-1.0521531
page645_H-40_a_c0_sym_001,page645_H-40_a_c0,-1.1398842,-1.0521531
page646_H-41_a_c0_sym_001,page646_H-41_a_c0,-0.5893539,-0.699421
page646_H-41_a_c0_sym_002,page646_H-41_a_c0,0.32447782,-0.113224946
page647_H-44_A_c0_sym_001,page647_H-44_A_c0,1.5042372,0.68422085
page647_H-46_a_c1_sym_001,page647_H-46_a_c1,-3.5962908,-1.4984889
page647_H-4_S_c0_sym_001,page647_H-4_S_c0,1.5042372,0.68422085
page648_H-50_a_c0_sym_001,page648_H-50_a_c0,1.6243888,1.0055236
page648_H-50_c2_sym_001,page648_H-50_c2,1.6243888,1.0055236
page649_H-54_a_c0_sym_001,page649_H-54_a_c0,-0.8922631,-0.84413064
page649_H-54_a_c0_sym_002,page649_H-54_a_c0,0.0026941828,-0.31065023
page650_H-42_a_c1_sym_001,page650_H-42_a_c1,-0.43006146,-0.63830584
page650_H-42_a_c1_sym_002,page650_H-42_a_c1,-2.5045688,-0.37959442
page650_H-57_a_c0_sym_001,page650_H-57_a_c0,1.1220665,0.44444516
page650_H-57_a_c0_sym_002,page650_H-57_a_c0,0.958751,0.33218867
page650_H-57_a_c0_sym_003,page650_H-57_a_c0,1.4151285,0.67888725
page650_H-59_A_c0_sym_001,page650_H-59_A_c0,4.9256096,3.467778
page650_H-59_a_c1_sym_001,page650_H-59_a_c1,4.9256096,3.467778
page650_H-62_A_c2_sym_001,page650_H-62_A_c2,4.9256096,3.467778
page651_H-64_A_c0_sym_001,page651_H-64_A_c0,-0.10522075,-0.4071185
page651_H-64_A_c0_sym_002,page651_H-64_A_c0,1.2252319,0.52207613
page651_H-65_A_c1_sym_001,page651_H-65_A_c1,3.062908,2.0550847
page651_H-65_A_c1_sym_002,page651_H-65_A_c1,1.0910327,0.49528727
page651_H-65_A_c1_sym_003,page651_H-65_A_c1,0.8287378,0.23644838
page651_H-65_A_c1_sym_004,page651_H-65_A_c1,1.2967024,0.61437243
page651_H-65_A_c1_sym_005,page651_H-65_A_c1,1.8739138,1.1111764
page651_H-65_A_c1_sym_006,page651_H-65_A_c1,-0.36961997,-0.58008486
page651_H-65_A_c1_sym_007,page651_H-65_A_c1,0.7186866,0.18203823
page651_H-65_A_c1_sym_008,page651_H-65_A_c1,1.1167358,0.49359196
page651_H-65_A_c1_sym_009,page651_H-65_A_c1,1.1041647,0.42132077
page651_H-65_A_c1_sym_010,page651_H-65_A_c1,-0.70357424,-0.7536976
page651_H-65_A_c1_sym_011,page651_H-65_A_c1,-0.05748866,-0.3563652
page651_H-65_A_c1_sym_012,page651_H-65_A_c1,1.6638316,0.9205283
page651_H-65_A_c1_sym_013,page651_H-65_A_c1,0.87369573,0.2694175
page651_H-65_A_c1_sym_014,page651_H-65_A_c1,1.3988472,0.7865831
page651_H-65_A_c1_sym_015,page651_H-65_A_c1,0.39538136,-0.078258164
page651_H-66_a_c0_sym_001,page651_H-66_a_c0,-1.2343944,-0.9855607
page651_H-66_a_c0_sym_002,page651_H-66_a_c0,-0.5404535,-0.7064504
page651_H-66_a_c0_sym_003,page651_H-66_a_c0,1.6141697,0.8630325
page651_H-66_a_c0_sym_004,page651_H-66_a_c0,-0.8871579,-0.82966304
page651_H-66_a_c0_sym_005,page651_H-66_a_c0,0.26454312,-0.11490015
page651_H-66_a_c0_sym_006,page651_H-66_a_c0,0.0936281,-0.29719934
page651_H-66_a_c0_sym_007,page651_H-66_a_c0,-0.42571154,-0.6063531
page651_H-66_a_c0_sym_008,page651_H-66_a_c0,1.0902886,0.46982333
page651_H-66_a_c0_sym_009,page651_H-66_a_c0,1.1716216,0.4868326
page651_H-66_a_c0_sym_010,page651_H-66_a_c0,0.13521051,-0.25897345
page651_H-66_a_c0_sym_011,page651_H-66_a_c0,3.0453339,2.0211918
page651_H-66_a_c0_sym_012,page651_H-66_a_c0,0.0019479127,-0.34209487
page651_H-66_a_c0_sym_013,page651_H-66_a_c0,-0.49205884,-0.62471974
page651_H-66_a_c0_sym_014,page651_H-66_a_c0,0.32960233,-0.07240628
page651_H-66_a_c0_sym_015,page651_H-66_a_c0,1.2251977,0.5551937
page651_H-66_a_c0_sym_016,page651_H-66_a_c0,1.5585084,0.9265256
page651_H-66_a_c0_sym_017,page651_H-66_a_c0,0.6546864,0.1161073
page651_H-66_a_c0_sym_018,page651_H-66_a_c0,0.71309173,0.19097853
page651_H-66_a_c0_sym_019,page651_H-66_a_c0,1.6473644,0.83463883
page651_H-66_a_c0_sym_020,page651_H-66_a_c0,-0.075014986,-0.3700496
page651_H-66_a_c0_sym_021,page651_H-66_a_c0,-0.1400746,-0.4183191
page651_H-66_a_c0_sym_022,page651_H-66_a_c0,-0.33317658,-0.5498802
page651_H-66_a_c0_sym_023,page651_H-66_a_c0,0.30092216,-0.04798942
page651_H-66_a_c0_sym_024,page651_H-66_a_c0,1.9177027,1.1637132
page651_H-68_A_c0_sym_001,page651_H-68_A_c0,3.062908,2.0550847
page651_H-68_A_c0_sym_002,page651_H-68_A_c0,1.0910327,0.49528727
page651_H-68_A_c0_sym_003,page651_H-68_A_c0,0.8287378,0.23644838
page651_H-68_A_c0_sym_004,page651_H-68_A_c0,1.2967024,0.61437243
page651_H-68_A_c0_sym_005,page651_H-68_A_c0,1.8739138,1.1111764
page651_H-68_A_c0_sym_006,page651_H-68_A_c0,-0.36961997,-0.58008486
page651_H-68_A_c0_sym_007,page651_H-68_A_c0,0.7186866,0.18203823
page651_H-68_A_c0_sym_008,page651_H-68_A_c0,1.1167358,0.49359196
page651_H-68_A_c0_sym_009,page651_H-68_A_c0,1.1041647,0.42132077
page651_H-68_A_c0_sym_010,page651_H-68_A_c0,-0.70357424,-0.7536976
page651_H-68_A_c0_sym_011,page651_H-68_A_c0,-0.05748866,-0.3563652
page651_H-68_A_c0_sym_012,page651_H-68_A_c0,1.6638316,0.9205283
page651_H-68_A_c0_sym_013,page651_H-68_A_c0,0.87369573,0.2694175
page651_H-68_A_c0_sym_014,page651_H-68_A_c0,1.3988472,0.7865831
page651_H-68_A_c0_sym_015,page651_H-68_A_c0,0.39538136,-0.078258164
page651_H-68_a_c2_sym_001,page651_H-68_a_c2,0.82663816,0.22376667
page651_H-68_a_c2_sym_002,page651_H-68_a_c2,-0.5363189,-0.6712832
page651_H-68_a_c2_sym_003,page651_H-68_a_c2,0.22400689,-0.20363654
page652_H-71_A_c2_sym_001,page652_H-71_A_c2,4.8155427,3.4380882
page652_H-75_a_c0_sym_001,page652_H-75_a_c0,3.851497,2.6387815
page652_H-75_A_c3_sym_001,page652_H-75_A_c3,4.8155427,3.4380882
page653_H-76_A_c0_sym_001,page653_H-76_A_c0,-0.08626707,-0.400654
page653_H-76_A_c0_sym_002,page653_H-76_A_c0,1.8367639,1.1358038
page653_H-78_a_c0_sym_001,page653_H-78_a_c0,-0.5826799,-0.6853953
page653_H-79_A_c0_sym_001,page653_H-79_A_c0,-0.79994404,-0.815578
page653_H-79_A_c0_sym_002,page653_H-79_A_c0,1.0552214,0.38797617
page653_H-81_A_c2_sym_001,page653_H-81_A_c2,-0.5826799,-0.6853953
page655_H-88_A_c0_sym_001,page655_H-88_A_c0,-1.9108375,-1.1621288
page655_H-88_A_c0_sym_002,page655_H-88_A_c0,-1.2866744,-1.1580163
page656_H-89_A_c0_sym_001,page656_H-89_A_c0,-1.5016996,-1.0005744
page656_H-91_a_c1_sym_001,page656_H-91_a_c1,-0.14956595,-0.46624917
page656_H-91_a_c1_sym_002,page656_H-91_a_c1,2.398338,1.5504009
page656_H-91_a_c1_sym_003,page656_H-91_a_c1,-0.5113033,-0.6954175
page656_H-91_a_c1_sym_004,page656_H-91_a_c1,2.419567,1.5058419
page656_H-91_a_c1_sym_005,page656_H-91_a_c1,0.18949766,-0.17348202
page656_H-91_a_c1_sym_006,page656_H-91_a_c1,0.32002836,-0.049428068
page656_H-91_a_c1_sym_007,page656_H-91_a_c1,0.5655851,0.05484348
page656_H-91_a_c1_sym_008,page656_H-91_a_c1,0.3495368,-0.094857864
page656_H-91_a_c1_sym_009,page656_H-91_a_c1,0.12674733,-0.24286388
page656_H-91_a_c1_sym_010,page656_H-91_a_c1,3.6515536,2.5425408
page656_H-92_A_c0_sym_001,page656_H-92_A_c0,-1.5016996,-1.0005744
page657_H-96_A_c0_sym_001,page657_H-96_A_c0,-0.9469001,-0.88054967
page657_H-96_a_c1_sym_001,page657_H-96_a_c1,-0.44301406,-0.6086284
page657_H-97_A_c0_sym_001,page657_H-97_A_c0,-0.9469001,-0.88054967
page657_H-97_a_c1_sym_001,page657_H-97_a_c1,1.2963709,0.7156455
page657_H-98_A_c0_sym_001,page657_H-98_A_c0,-0.9469001,-0.88054967
page657_H-98_a_c1_sym_001,page657_H-98_a_c1,1.2963709,0.7156455
page657_H-99_E_c2_sym_001,page657_H-99_E_c2,1.2963709,0.7156455
page658_H-102_b_c0_sym_001,page658_H-102_b_c0,-0.69098395,-0.69070804
page658_H-102_B_c2_sym_001,page658_H-102_B_c2,-0.69098395,-0.69070804
page658_H-102_D_c1_sym_001,page658_H-102_D_c1,0.98916924,0.47954753
page659_H-103_a_c0_sym_001,page659_H-103_a_c0,-1.1203074,-1.00246
page659_H-103_E_c0_sym_001,page659_H-103_E_c0,-0.95985854,-0.927711
page659_H-103_F_c0_sym_001,page659_H-103_F_c0,-1.1203074,-1.00246
page659_H-104_A_c0_sym_001,page659_H-104_A_c0,-1.1203074,-1.00246
page659_H-104_a_c1_sym_001,page659_H-104_a_c1,-1.059226,-0.86230046
page659_H-104_a_c1_sym_002,page659_H-104_a_c1,-0.31182286,-0.5950232
page660_H-105_A_c0_sym_001,page660_H-105_A_c0,-1.255432,-1.1592668
page660_H-105_A_c0_sym_002,page660_H-105_A_c0,-0.70544577,-0.8411068
page660_H-105_A_c0_sym_003,page660_H-105_A_c0,-1.7306108,-1.108315
page660_H-106_A_c0_sym_001,page660_H-106_A_c0,5.6361036,3.9937
page660_H-106_a_c1_sym_001,page660_H-106_a_c1,5.6361036,3.9937
page660_H-107_a_c1_sym_001,page660_H-107_a_c1,-1.255432,-1.1592668
page660_H-107_a_c1_sym_002,page660_H-107_a_c1,-0.70544577,-0.8411068
page660_H-107_a_c1_sym_003,page660_H-107_a_c1,-1.7306108,-1.108315
page660_H-108_A_c0_sym_001,page660_H-108_A_c0,5.6361036,3.9937
page660_H-108_c1_sym_001,page660_H-108_c1,5.6361036,3.9937
page660_H-109_A_c0_sym_001,page660_H-109_A_c0,-1.255432,-1.1592668
page660_H-109_A_c0_sym_002,page660_H-109_A_c0,-0.70544577,-0.8411068
page660_H-109_A_c0_sym_003,page660_H-109_A_c0,-1.7306108,-1.108315
page660_H-1_L_c1_sym_001,page660_H-1_L_c1,-0.8797867,-0.7905452
page660_H-1_L_c1_sym_002,page660_H-1_L_c1,-0.73260486,-0.8458868
page661_H-114_A_c0_sym_001,page661_H-114_A_c0,-0.5848188,-0.6952132
page661_H-114_A_c0_sym_002,page661_H-114_A_c0,0.6251554,0.11419009
page661_H-115_a_c2_sym_001,page661_H-115_a_c2,4.408196,3.058824
page661_H-116_A_c0_sym_001,page661_H-116_A_c0,-0.5848188,-0.6952132
page661_H-116_A_c0_sym_002,page661_H-116_A_c0,0.6251554,0.11419009
page661_H-116_a_c1_sym_001,page661_H-116_a_c1,0.34406534,-0.1020598
page661_H-116_a_c1_sym_002,page661_H-116_a_c1,-1.1502596,-1.1122028
page661_H-116_a_c1_sym_003,page661_H-116_a_c1,-1.0472246,-0.8214612
page661_H-117_A_c2_sym_001,page661_H-117_A_c2,4.5642185,3.1773398
page661_H-1_I_c0_sym_001,page661_H-1_I_c0,-1.5532974,-1.0029955
page661_H-1_I_c0_sym_002,page661_H-1_I_c0,-1.1709238,-0.9402587
page661_H-1_I_c0_sym_003,page661_H-1_I_c0,5.1397934,3.6390736
page661_H-1_I_c0_sym_004,page661_H-1_I_c0,1.2384175,0.5248439
page661_H-1_I_c0_sym_005,page661_H-1_I_c0,1.159894,0.53520817
page661_H-1_I_c0_sym_006,page661_H-1_I_c0,0.5271143,0.05020632
page661_H-1_I_c1_sym_001,page661_H-1_I_c1,4.5642185,3.1773398
page662_H-125_A_c2_sym_001,page662_H-125_A_c2,-1.1562157,-0.95222723
page662_H-125_a_c3_sym_001,page662_H-125_a_c3,-0.431115,-0.6045159
page662_H-126_A_c0_sym_001,page662_H-126_A_c0,4.303867,2.9592683
page662_H-127_A_c2_sym_001,page662_H-127_A_c2,-1.1562157,-0.95222723
page662_H-21_a_c3_sym_001,page662_H-21_a_c3,-0.431115,-0.6045159
page663_H-128_a_c1_sym_001,page663_H-128_a_c1,-1.2891418,-0.9804465
page663_H-129_A_bis_c0_sym_001,page663_H-129_A_bis_c0,-1.3232082,-1.1551057
page663_H-129_A_c0_sym_001,page663_H-129_A_c0,-1.3232082,-1.1551057
page663_H-129_B_c0_sym_001,page663_H-129_B_c0,-1.3232082,-1.1551057
page663_H-129_E_c1_sym_001,page663_H-129_E_c1,-1.3232082,-1.1551057
page664_H-131_A_c0_sym_001,page664_H-131_A_c0,-5.348657,-1.2268647
page664_H-131_B_c0_sym_001,page664_H-131_B_c0,-5.348657,-1.2268647
page664_H-131_E_c1_sym_001,page664_H-131_E_c1,-5.348657,-1.2268647
page665_H-132_A_c0_sym_001,page665_H-132_A_c0,-0.6654346,-0.51043457
page666_H-134_A_c0_sym_001,page666_H-134_A_c0,-1.0600111,-1.1206682
page666_H-135_a_c1_sym_001,page666_H-135_a_c1,-1.630844,-1.1782819
page666_H-136_A_bis_c1_sym_001,page666_H-136_A_bis_c1,-1.630844,-1.1782819
page666_H-136_A_c0_sym_001,page666_H-136_A_c0,-1.0600111,-1.1206682
page666_H-136_E_c0_sym_001,page666_H-136_E_c0,-1.630844,-1.1782819
page666_H-137_A_c0_sym_001,page666_H-137_A_c0,-1.0600111,-1.1206682
page667_H-140_a_c0_sym_001,page667_H-140_a_c0,0.27093887,-0.12154633
page667_H-141_A_bis_c0_sym_001,page667_H-141_A_bis_c0,0.27093887,-0.12154633
page667_H-141_c0_sym_001,page667_H-141_c0,0.27093887,-0.12154633
page667_H-143_a_c0_sym_001,page667_H-143_a_c0,-0.96442413,-0.9449355
page669_H-152_a_c0_sym_001,page669_H-152_a_c0,-0.8398245,-0.58876324
page669_H-152_A_c1_sym_001,page669_H-152_A_c1,-0.8398245,-0.58876324
page669_H-153_a_c1_sym_001,page669_H-153_a_c1,-0.60172623,-0.6820803
page669_H-153_a_c1_sym_002,page669_H-153_a_c1,-0.42385754,-0.61512214
page669_H-153_a_c1_sym_003,page669_H-153_a_c1,1.1175876,0.4410169
page669_H-155_A_c1_sym_001,page669_H-155_A_c1,-0.8398245,-0.58876324
page669_H-156_a_c0_sym_001,page669_H-156_a_c0,-0.8398245,-0.58876324
page669_H-156_c2_sym_001,page669_H-156_c2,-0.60172623,-0.6820803
page669_H-156_c2_sym_002,page669_H-156_c2,-0.42385754,-0.61512214
page669_H-156_c2_sym_003,page669_H-156_c2,1.1175876,0.4410169
page669_H-158_A_c0_sym_001,page669_H-158_A_c0,-0.8398245,-0.58876324
page669_H-159_A_bis_c2_sym_001,page669_H-159_A_bis_c2,-0.60172623,-0.6820803
page669_H-159_A_bis_c2_sym_002,page669_H-159_A_bis_c2,-0.42385754,-0.61512214
page669_H-159_A_bis_c2_sym_003,page669_H-159_A_bis_c2,1.1175876,0.4410169
page669_H-159_A_c1_sym_001,page669_H-159_A_c1,-1.0831261,-0.94590735
page669_H-159_C_c2_sym_001,page669_H-159_C_c2,-0.60172623,-0.6820803
page669_H-159_C_c2_sym_002,page669_H-159_C_c2,-0.42385754,-0.61512214
page669_H-159_C_c2_sym_003,page669_H-159_C_c2,1.1175876,0.4410169
page670_H-161_A_c0_sym_001,page670_H-161_A_c0,-1.3710576,-1.1588482
page670_H-161_B_c0_sym_001,page670_H-161_B_c0,-1.3710576,-1.1588482
page670_H-161_D_c1_sym_001,page670_H-161_D_c1,1.6413054,0.8616691
page670_H-161_D_c1_sym_002,page670_H-161_D_c1,0.4577257,0.0041199788
page670_H-161_D_c1_sym_003,page670_H-161_D_c1,-0.5706062,-0.7042529
page670_H-161_D_c1_sym_004,page670_H-161_D_c1,0.7279834,0.16703959
page670_H-162_A_c0_sym_001,page670_H-162_A_c0,1.7222028,0.9015684
page670_H-162_A_c0_sym_002,page670_H-162_A_c0,0.8250308,0.24198265
page670_H-162_A_c0_sym_003,page670_H-162_A_c0,0.9690359,0.30090383
page670_H-162_B_c0_sym_001,page670_H-162_B_c0,1.7222028,0.9015684
page670_H-162_B_c0_sym_002,page670_H-162_B_c0,0.8250308,0.24198265
page670_H-162_B_c0_sym_003,page670_H-162_B_c0,0.9690359,0.30090383
page670_H-162_E_c0_sym_001,page670_H-162_E_c0,1.7222028,0.9015684
page670_H-162_E_c0_sym_002,page670_H-162_E_c0,0.8250308,0.24198265
page670_H-162_E_c0_sym_003,page670_H-162_E_c0,0.9690359,0.30090383
page671_A-165_c0_sym_001,page671_A-165_c0,1.140241,0.4832637
page671_A-165_c0_sym_002,page671_A-165_c0,1.0273049,0.43737653
page671_H-163_A_bis_c1_sym_001,page671_H-163_A_bis_c1,2.7385082,1.787123
page671_H-164_A_c0_sym_001,page671_H-164_A_c0,-2.3217325,-0.9272602
page671_H-164_B_c2_sym_001,page671_H-164_B_c2,1.140241,0.4832637
page671_H-164_B_c2_sym_002,page671_H-164_B_c2,1.0273049,0.43737653
page671_H-164_F_c1_sym_001,page671_H-164_F_c1,2.7385082,1.787123
page671_H-165_F_c2_sym_001,page671_H-165_F_c2,1.140241,0.4832637
page671_H-165_F_c2_sym_002,page671_H-165_F_c2,1.0273049,0.43737653
page673_H-169_A_c0_sym_001,page673_H-169_A_c0,-1.9300846,-1.1502008
page674_H-170_B_c0_sym_001,page674_H-170_B_c0,2.8348634,1.8947335
page674_H-171_A_c0_sym_001,page674_H-171_A_c0,2.8348634,1.8947335
page674_H-171_B_c0_sym_001,page674_H-171_B_c0,-1.0062993,-0.92179585
page674_H-172_B_c0_sym_001,page674_H-172_B_c0,2.8792338,1.9221797
page674_H-173_A_c0_sym_001,page674_H-173_A_c0,-2.015759,-1.2485803
page674_H-173_A_c0_sym_002,page674_H-173_A_c0,-0.5045035,-0.69450015
page674_H-173_A_c0_sym_003,page674_H-173_A_c0,0.3746594,-0.11194008
page674_H-173_A_c0_sym_004,page674_H-173_A_c0,-0.013524551,-0.38445348
page674_H-173_A_c0_sym_005,page674_H-173_A_c0,-0.21167186,-0.48185557
page674_H-173_A_c0_sym_006,page674_H-173_A_c0,-0.0005115191,-0.3388436
page674_H-173_A_c0_sym_007,page674_H-173_A_c0,-4.717678,-1.4203306
page674_H-173_A_c0_sym_008,page674_H-173_A_c0,-1.0469949,-1.118905
page674_H-173_A_c0_sym_009,page674_H-173_A_c0,1.057669,0.5003943
page674_H-173_A_c0_sym_010,page674_H-173_A_c0,-1.6547189,-1.1863482
page674_H-173_A_c0_sym_011,page674_H-173_A_c0,-0.99974644,-1.0682837
page674_H-173_A_c0_sym_012,page674_H-173_A_c0,-1.4098817,-1.1216444
page674_H-173_A_c0_sym_013,page674_H-173_A_c0,0.679739,0.14184235
page674_H-173_A_c0_sym_014,page674_H-173_A_c0,2.3953822,1.5563749
page674_H-173_A_c0_sym_015,page674_H-173_A_c0,-0.40912187,-0.6466071
page674_H-173_A_c0_sym_016,page674_H-173_A_c0,1.5385758,0.7824164
page674_H-173_A_c0_sym_017,page674_H-173_A_c0,-0.78029704,-0.91302806
page674_H-173_A_c0_sym_018,page674_H-173_A_c0,1.4657223,0.78558975
page674_H-173_A_c0_sym_019,page674_H-173_A_c0,-0.41477168,-0.48877057
page674_H-173_A_c0_sym_020,page674_H-173_A_c0,-0.5151018,-0.72140753
page674_H-173_A_c0_sym_021,page674_H-173_A_c0,-1.0748323,-1.1070368
page674_H-173_A_c0_sym_022,page674_H-173_A_c0,-0.7068441,-0.86418027
page674_H-173_A_c0_sym_023,page674_H-173_A_c0,1.1430153,0.4868824
page674_H-173_A_c0_sym_024,page674_H-173_A_c0,0.16929342,-0.21429227
page674_H-173_A_c0_sym_025,page674_H-173_A_c0,-0.10501977,-0.3759729
page674_H-173_A_c0_sym_026,page674_H-173_A_c0,-3.2958813,-1.2636797
page674_H-173_A_c0_sym_027,page674_H-173_A_c0,-0.4506471,-0.49320588
page674_H-173_B_c0_sym_001,page674_H-173_B_c0,-2.015759,-1.2485803
page674_H-173_B_c0_sym_002,page674_H-173_B_c0,-0.5045035,-0.69450015
page674_H-173_B_c0_sym_003,page674_H-173_B_c0,0.3746594,-0.11194008
page674_H-173_B_c0_sym_004,page674_H-173_B_c0,-0.013524551,-0.38445348
page674_H-173_B_c0_sym_005,page674_H-173_B_c0,-0.21167186,-0.48185557
page674_H-173_B_c0_sym_006,page674_H-173_B_c0,-0.0005115191,-0.3388436
page674_H-173_B_c0_sym_007,page674_H-173_B_c0,-4.717678,-1.4203306
page674_H-173_B_c0_sym_008,page674_H-173_B_c0,-1.0469949,-1.118905
page674_H-173_B_c0_sym_009,page674_H-173_B_c0,1.057669,0.5003943
page674_H-173_B_c0_sym_010,page674_H-173_B_c0,-1.6547189,-1.1863482
page674_H-173_B_c0_sym_011,page674_H-173_B_c0,-0.99974644,-1.0682837
page674_H-173_B_c0_sym_012,page674_H-173_B_c0,-1.4098817,-1.1216444
page674_H-173_B_c0_sym_013,page674_H-173_B_c0,0.679739,0.14184235
page674_H-173_B_c0_sym_014,page674_H-173_B_c0,2.3953822,1.5563749
page674_H-173_B_c0_sym_015,page674_H-173_B_c0,-0.40912187,-0.6466071
page674_H-173_B_c0_sym_016,page674_H-173_B_c0,1.5385758,0.7824164
page674_H-173_B_c0_sym_017,page674_H-173_B_c0,-0.78029704,-0.91302806
page674_H-173_B_c0_sym_018,page674_H-173_B_c0,1.4657223,0.78558975
page674_H-173_B_c0_sym_019,page674_H-173_B_c0,-0.41477168,-0.48877057
page674_H-173_B_c0_sym_020,page674_H-173_B_c0,-0.5151018,-0.72140753
page674_H-173_B_c0_sym_021,page674_H-173_B_c0,-1.0748323,-1.1070368
page674_H-173_B_c0_sym_022,page674_H-173_B_c0,-0.7068441,-0.86418027
page674_H-173_B_c0_sym_023,page674_H-173_B_c0,1.1430153,0.4868824
page674_H-173_B_c0_sym_024,page674_H-173_B_c0,0.16929342,-0.21429227
page674_H-173_B_c0_sym_025,page674_H-173_B_c0,-0.10501977,-0.3759729
page674_H-173_B_c0_sym_026,page674_H-173_B_c0,-3.2958813,-1.2636797
page674_H-173_B_c0_sym_027,page674_H-173_B_c0,-0.4506471,-0.49320588
page674_H-175_A_c0_sym_001,page674_H-175_A_c0,-2.015759,-1.2485803
page674_H-175_A_c0_sym_002,page674_H-175_A_c0,-0.5045035,-0.69450015
page674_H-175_A_c0_sym_003,page674_H-175_A_c0,0.3746594,-0.11194008
page674_H-175_A_c0_sym_004,page674_H-175_A_c0,-0.013524551,-0.38445348
page674_H-175_A_c0_sym_005,page674_H-175_A_c0,-0.21167186,-0.48185557
page674_H-175_A_c0_sym_006,page674_H-175_A_c0,-0.0005115191,-0.3388436
page674_H-175_A_c0_sym_007,page674_H-175_A_c0,-4.717678,-1.4203306
page674_H-175_A_c0_sym_008,page674_H-175_A_c0,-1.0469949,-1.118905
page674_H-175_A_c0_sym_009,page674_H-175_A_c0,1.057669,0.5003943
page674_H-175_A_c0_sym_010,page674_H-175_A_c0,-1.6547189,-1.1863482
page674_H-175_A_c0_sym_011,page674_H-175_A_c0,-0.99974644,-1.0682837
page674_H-175_A_c0_sym_012,page674_H-175_A_c0,-1.4098817,-1.1216444
page674_H-175_A_c0_sym_013,page674_H-175_A_c0,0.679739,0.14184235
page674_H-175_A_c0_sym_014,page674_H-175_A_c0,2.3953822,1.5563749
page674_H-175_A_c0_sym_015,page674_H-175_A_c0,-0.40912187,-0.6466071
page674_H-175_A_c0_sym_016,page674_H-175_A_c0,1.5385758,0.7824164
page674_H-175_A_c0_sym_017,page674_H-175_A_c0,-0.78029704,-0.91302806
page674_H-175_A_c0_sym_018,page674_H-175_A_c0,1.4657223,0.78558975
page674_H-175_A_c0_sym_019,page674_H-175_A_c0,-0.41477168,-0.48877057
page674_H-175_A_c0_sym_020,page674_H-175_A_c0,-0.5151018,-0.72140753
page674_H-175_A_c0_sym_021,page674_H-175_A_c0,-1.0748323,-1.1070368
page674_H-175_A_c0_sym_022,page674_H-175_A_c0,-0.7068441,-0.86418027
page674_H-175_A_c0_sym_023,page674_H-175_A_c0,1.1430153,0.4868824
page674_H-175_A_c0_sym_024,page674_H-175_A_c0,0.16929342,-0.21429227
page674_H-175_A_c0_sym_025,page674_H-175_A_c0,-0.10501977,-0.3759729
page674_H-175_A_c0_sym_026,page674_H-175_A_c0,-3.2958813,-1.2636797
page674_H-175_A_c0_sym_027,page674_H-175_A_c0,-0.4506471,-0.49320588
page675_H-176_A_bis_c0_sym_001,page675_H-176_A_bis_c0,-1.3475838,-1.0733874
page676_H-177_A_c0_sym_001,page676_H-177_A_c0,1.9162791,1.173227
page676_H-181_B_c0_sym_001,page676_H-181_B_c0,3.060865,2.04841
page678_H-190_B_c1_sym_001,page678_H-190_B_c1,-0.781886,-0.76345706
page678_H-190_B_c1_sym_002,page678_H-190_B_c1,-1.5261805,-1.009799
page679_H-201_A_c2_sym_001,page679_H-201_A_c2,0.7553235,0.23821837
page679_H-201_B_c2_sym_001,page679_H-201_B_c2,-1.1010832,-1.1277436
page680_H-200_A_c1_sym_001,page680_H-200_A_c1,2.618896,1.7520765
page680_H-203_A_c0_sym_001,page680_H-203_A_c0,1.5717398,0.92753494
page680_H-204_A_c0_sym_001,page680_H-204_A_c0,2.618896,1.7520765
page680_H-205_A_c0_sym_001,page680_H-205_A_c0,1.5717398,0.92753494
page680_H-205_B_c0_sym_001,page680_H-205_B_c0,1.5717398,0.92753494
page680_H-206_A_c1_sym_001,page680_H-206_A_c1,2.618896,1.7520765
page680_H-208_A_c0_sym_001,page680_H-208_A_c0,1.5717398,0.92753494
page680_H-210_A_c0_sym_001,page680_H-210_A_c0,2.162333,1.3567779
page680_H-210_B_c0_sym_001,page680_H-210_B_c0,-0.30060336,-0.5089077
page680_H-213_A_c1_sym_001,page680_H-213_A_c1,-0.30060336,-0.5089077
page680_H-213_B_c0_sym_001,page680_H-213_B_c0,-0.30060336,-0.5089077
page681_H-215_A_c0_sym_001,page681_H-215_A_c0,1.6836976,1.002918
page681_H-215_c0_sym_001,page681_H-215_c0,1.6836976,1.002918
page681_H-218_A_c0_sym_001,page681_H-218_A_c0,1.880801,1.1468496
page681_H-218_B_c0_sym_001,page681_H-218_B_c0,1.880801,1.1468496
page681_H-219_A_c1_sym_001,page681_H-219_A_c1,1.6836976,1.002918
page681_H-219_B_c1_sym_001,page681_H-219_B_c1,1.6836976,1.002918
page681_H-221_A_c0_sym_001,page681_H-221_A_c0,2.2555747,1.4408977
page681_H-222_B_c0_sym_001,page681_H-222_B_c0,2.3309267,1.4717867
page681_H-223_A_c0_sym_001,page681_H-223_A_c0,-1.2430305,-0.98843724
page681_H-223_A_c0_sym_002,page681_H-223_A_c0,2.7975805,1.8623434
page681_H-223_B_c0_sym_001,page681_H-223_B_c0,-1.2430305,-0.98843724
page681_H-223_B_c0_sym_002,page681_H-223_B_c0,2.7975805,1.8623434
page681_H-224_A_c1_sym_001,page681_H-224_A_c1,2.0937824,1.3102658
page681_H-224_B_c1_sym_001,page681_H-224_B_c1,2.7314467,1.8188766
page681_H-225_A_c0_sym_001,page681_H-225_A_c0,2.3309267,1.4717867
page682_H-226_C_c0_sym_001,page682_H-226_C_c0,1.4911356,0.8913197
page682_H-227_A_c1_sym_001,page682_H-227_A_c1,1.1890225,0.6682718
page682_H-227_B_c1_sym_001,page682_H-227_B_c1,1.1890225,0.6682718
page682_H-228_A_c0_sym_001,page682_H-228_A_c0,1.2801608,0.7011169
page682_H-228_B_c0_sym_001,page682_H-228_B_c0,1.7196767,1.0804183
page682_H-229_A_c1_sym_001,page682_H-229_A_c1,1.4911356,0.8913197
page682_H-229_B_c1_sym_001,page682_H-229_B_c1,1.4911356,0.8913197
page682_H-230_A_c2_sym_001,page682_H-230_A_c2,1.1890225,0.6682718
page682_H-230_B_c2_sym_001,page682_H-230_B_c2,1.1890225,0.6682718
page682_H-231_A_c0_sym_001,page682_H-231_A_c0,1.7196767,1.0804183
page682_H-231_B_c0_sym_001,page682_H-231_B_c0,1.7196767,1.0804183
page682_H-233_A_c1_sym_001,page682_H-233_A_c1,-0.75567544,-0.66202193
page683_H-234_B_c0_sym_001,page683_H-234_B_c0,2.2022173,1.3650016
page683_H-235_B_c0_sym_001,page683_H-235_B_c0,2.2022173,1.3650016
page683_H-236_B_c0_sym_001,page683_H-236_B_c0,1.4493322,0.78302974
page683_H-238_a_c0_sym_001,page683_H-238_a_c0,-0.15205516,-0.4025253
page683_H-238_C_c0_sym_001,page683_H-238_C_c0,-0.15205516,-0.4025253
page683_H-239_A_bis_c1_sym_001,page683_H-239_A_bis_c1,1.4493322,0.78302974
page683_H-239_A_c0_sym_001,page683_H-239_A_c0,2.2022173,1.3650016
page683_H-241_A_c0_sym_001,page683_H-241_A_c0,-0.15205516,-0.4025253
page683_H-241_B_c0_sym_001,page683_H-241_B_c0,-0.15205516,-0.4025253
page683_H-244_A_c3_sym_001,page683_H-244_A_c3,3.4152255,2.3154066
page683_H-244_B_c3_sym_001,page683_H-244_B_c3,3.4152255,2.3154066
page684_H-246_A_c2_sym_001,page684_H-246_A_c2,0.8298962,0.24214125
page684_H-246_B_c1_sym_001,page684_H-246_B_c1,0.8298962,0.24214125
page684_H-248_A_bis_c1_sym_001,page684_H-248_A_bis_c1,0.8298962,0.24214125
page684_H-248_A_c0_sym_001,page684_H-248_A_c0,0.294607,-0.037136942
page684_H-248_a_c1_sym_001,page684_H-248_a_c1,0.8298962,0.24214125
page684_H-248_B_c0_sym_001,page684_H-248_B_c0,0.294607,-0.037136942
page684_H-249_A_c0_sym_001,page684_H-249_A_c0,0.8298962,0.24214125
page684_H-251_A_c0_sym_001,page684_H-251_A_c0,-1.6035603,-1.0178047
page684_H-251_A_c0_sym_002,page684_H-251_A_c0,4.0379105,2.7802093
page684_H-251_c2_sym_001,page684_H-251_c2,-0.5218472,-0.7153001
page684_H-251_C_c2_sym_001,page684_H-251_C_c2,-0.6636103,-0.7258319
page685_H-252_A_c0_sym_001,page685_H-252_A_c0,0.36895686,-0.09902434
page685_H-252_A_c0_sym_002,page685_H-252_A_c0,-2.225349,-1.1544051
page685_H-252_B_bis_c1_sym_001,page685_H-252_B_bis_c1,-1.1132344,-1.1291226
page685_H-252_B_c1_sym_001,page685_H-252_B_c1,-1.668882,-1.2806497
page685_H-252_B_c1_sym_002,page685_H-252_B_c1,-0.6539344,-0.5937509
page685_H-252_B_c1_sym_003,page685_H-252_B_c1,-0.92591983,-0.8138619
page685_H-252_D_c0_sym_001,page685_H-252_D_c0,2.411025,1.4711221
page685_H-253_B_c1_sym_001,page685_H-253_B_c1,-1.1132344,-1.1291226
page686_H-255_A_bis_c0_sym_001,page686_H-255_A_bis_c0,-1.1768469,-1.083998
page686_H-255_B_bis_c1_sym_001,page686_H-255_B_bis_c1,-0.06709945,-0.3928377
page686_H-255_B_c1_sym_001,page686_H-255_B_c1,1.7947077,1.1563278
page686_H-256_A_bis_c0_sym_001,page686_H-256_A_bis_c0,-1.1768469,-1.083998
page686_H-256_A_c0_sym_001,page686_H-256_A_c0,-1.1768469,-1.083998
page686_H-256_B_bis_c1_sym_001,page686_H-256_B_bis_c1,-0.06709945,-0.3928377
page686_H-256_B_c1_sym_001,page686_H-256_B_c1,-0.06709945,-0.3928377
page686_H-257_A_bis_c0_sym_001,page686_H-257_A_bis_c0,-1.1768469,-1.083998
page686_H-257_A_c0_sym_001,page686_H-257_A_c0,-1.1768469,-1.083998
page686_H-257_B_c1_sym_001,page686_H-257_B_c1,-0.06709945,-0.3928377
page688_H-261_B_c1_sym_001,page688_H-261_B_c1,-2.0335467,-1.260861
page688_H-261_B_c1_sym_002,page688_H-261_B_c1,-3.1152458,-1.2186722
page688_H-262_A_c0_sym_001,page688_H-262_A_c0,-0.68291414,-0.8163181
page689_H-276_A_c0_sym_001,page689_H-276_A_c0,-0.06379397,-0.39830285
page689_H-276_A_c0_sym_002,page689_H-276_A_c0,-0.10785583,-0.4479753
page689_H-276_A_c0_sym_003,page689_H-276_A_c0,-0.3464445,-0.57114756
page689_H-276_A_c0_sym_004,page689_H-276_A_c0,-3.185264,-1.3434553
page689_H-276_A_c0_sym_005,page689_H-276_A_c0,1.7378421,1.0487752
page689_H-277_A_c0_sym_001,page689_H-277_A_c0,2.4853444,1.6247183
page689_H-278_A_c0_sym_001,page689_H-278_A_c0,2.4853444,1.6247183
page689_H-279_A_c0_sym_001,page689_H-279_A_c0,2.4853444,1.6247183
page689_H-280_A_bis_c0_sym_001,page689_H-280_A_bis_c0,2.4853444,1.6247183
page689_H-280_A_c0_sym_001,page689_H-280_A_c0,2.4853444,1.6247183
page689_H-280_B_c0_sym_001,page689_H-280_B_c0,1.9286215,1.2542157
page690_H-281_A_c0_sym_001,page690_H-281_A_c0,-1.1983598,-1.0123414
page690_H-281_B_c1_sym_001,page690_H-281_B_c1,-1.8054802,-1.2056484
page690_H-281_B_c1_sym_002,page690_H-281_B_c1,0.73280543,0.16969776
page690_H-282_B_c1_sym_001,page690_H-282_B_c1,0.25822705,0.009084722
page690_H-283_B_c1_sym_001,page690_H-283_B_c1,0.25822705,0.009084722
page690_H-286_A_c2_sym_001,page690_H-286_A_c2,1.1654822,0.47863585
page690_H-286_A_c2_sym_002,page690_H-286_A_c2,0.81423914,0.22055577
page690_H-286_A_c2_sym_003,page690_H-286_A_c2,2.6053393,1.6721196
page690_H-288_B_c0_sym_001,page690_H-288_B_c0,-1.0697343,-0.9861478
page690_H-289_A_c1_sym_001,page690_H-289_A_c1,-1.0697343,-0.9861478
page691_H-208_A_c3_sym_001,page691_H-208_A_c3,1.676276,0.9980917
page691_H-292_A_c1_sym_001,page691_H-292_A_c1,1.676276,0.9980917
page691_H-293_A_c1_sym_001,page691_H-293_A_c1,1.676276,0.9980917
page691_H-294_b_c1_sym_001,page691_H-294_b_c1,1.676276,0.9980917
page691_H-295_a_c0_sym_001,page691_H-295_a_c0,1.676276,0.9980917
page691_H-295_B_c0_sym_001,page691_H-295_B_c0,1.676276,0.9980917
page691_H-296_a_c1_sym_001,page691_H-296_a_c1,-0.9606059,-0.7657743
page691_H-296_b_c1_sym_001,page691_H-296_b_c1,-0.98504263,-0.8565162
page691_H-297_A_c2_sym_001,page691_H-297_A_c2,1.676276,0.9980917
page691_H-297_B_c2_sym_001,page691_H-297_B_c2,1.676276,0.9980917
page691_H-298_B_c3_sym_001,page691_H-298_B_c3,1.676276,0.9980917
page691_H-299_A_c0_sym_001,page691_H-299_A_c0,2.2382905,1.396702
page691_H-299_B_c0_sym_001,page691_H-299_B_c0,2.2382905,1.396702
page691_H-300_A_c1_sym_001,page691_H-300_A_c1,-0.98504263,-0.8565162
page691_H-300_B_c1_sym_001,page691_H-300_B_c1,-0.98504263,-0.8565162
page691_H-301_A_bis_c3_sym_001,page691_H-301_A_bis_c3,1.5106034,0.8945046
page691_H-301_A_c2_sym_001,page691_H-301_A_c2,1.9098915,1.1777538
page691_H-301_B_bis_c3_sym_001,page691_H-301_B_bis_c3,1.5106034,0.8945046
page691_H-301_B_c2_sym_001,page691_H-301_B_c2,1.9098915,1.1777538
page692_H-303_A_c0_sym_001,page692_H-303_A_c0,-1.2351261,-0.99615926
page692_H-303_A_c0_sym_002,page692_H-303_A_c0,-0.61150026,-0.6859363
page692_H-303_B_c0_sym_001,page692_H-303_B_c0,-0.21854623,-0.45131087
page692_H-304_B_c1_sym_001,page692_H-304_B_c1,-0.94697094,-0.8674647
page692_H-305_B_c1_sym_001,page692_H-305_B_c1,-0.94697094,-0.8674647
page692_H-307_A_c1_sym_001,page692_H-307_A_c1,-0.21854623,-0.45131087
page692_H-307_B_c1_sym_001,page692_H-307_B_c1,-0.21854623,-0.45131087
page692_H-308_A_c2_sym_001,page692_H-308_A_c2,-0.94697094,-0.8674647
page692_H-308_B_c2_sym_001,page692_H-308_B_c2,-0.94697094,-0.8674647
page692_H-309_A_c3_sym_001,page692_H-309_A_c3,1.6528758,0.9257367
page692_H-309_A_c3_sym_002,page692_H-309_A_c3,-0.86345094,-0.7901606
page692_H-309_A_c3_sym_003,page692_H-309_A_c3,-0.040643357,-0.36049634
page692_H-309_A_c3_sym_004,page692_H-309_A_c3,0.28920954,-0.1388776
page692_H-309_B_c3_sym_001,page692_H-309_B_c3,1.6528758,0.9257367
page692_H-309_B_c3_sym_002,page692_H-309_B_c3,-0.86345094,-0.7901606
page692_H-309_B_c3_sym_003,page692_H-309_B_c3,-0.040643357,-0.36049634
page692_H-309_B_c3_sym_004,page692_H-309_B_c3,0.28920954,-0.1388776
page692_H-310_B_c0_sym_001,page692_H-310_B_c0,-0.21854623,-0.45131087
page692_H-310_C_c1_sym_001,page692_H-310_C_c1,-0.21854623,-0.45131087
page692_H-312_A_bis_c0_sym_001,page692_H-312_A_bis_c0,-0.94697094,-0.8674647
page692_H-312_A_c0_sym_001,page692_H-312_A_c0,-0.94697094,-0.8674647
page692_H-312_B_c0_sym_001,page692_H-312_B_c0,-0.63802105,-0.7093804
page692_H-313_A_bis_c0_sym_001,page692_H-313_A_bis_c0,1.8365227,1.1111387
page692_H-313_B_bis_c1_sym_001,page692_H-313_B_bis_c1,-0.42796078,-0.58266264
page692_H-315_B_c3_sym_001,page692_H-315_B_c3,-0.63802105,-0.7093804
page692_Z-3_c0_sym_001,page692_Z-3_c0,1.6528758,0.9257367
page692_Z-3_c0_sym_002,page692_Z-3_c0,-0.86345094,-0.7901606
page692_Z-3_c0_sym_003,page692_Z-3_c0,-0.040643357,-0.36049634
page692_Z-3_c0_sym_004,page692_Z-3_c0,0.28920954,-0.1388776
page693_H-316_B_c0_sym_001,page693_H-316_B_c0,2.1354558,1.2738037
page693_H-319_B_c0_sym_001,page693_H-319_B_c0,-0.77979726,-0.79832155
page693_H-320_B_c1_sym_001,page693_H-320_B_c1,-0.8875113,-0.8514342
page693_H-321_A_c2_sym_001,page693_H-321_A_c2,-1.579695,-0.9336455
page693_H-321_B_c0_sym_001,page693_H-321_B_c0,-1.579695,-0.9336455
page693_H-323_B_c0_sym_001,page693_H-323_B_c0,2.1048448,1.3663079
page693_H-324_A_c1_sym_001,page693_H-324_A_c1,0.58292615,0.076309
page693_H-324_A_c1_sym_002,page693_H-324_A_c1,0.8086713,0.24638656
page693_H-324_A_c1_sym_003,page693_H-324_A_c1,0.38646346,-0.075044535
page693_H-324_A_c1_sym_004,page693_H-324_A_c1,2.7236168,1.7686797
page693_H-325_A_c2_sym_001,page693_H-325_A_c2,-1.579695,-0.9336455
page693_H-325_B_c2_sym_001,page693_H-325_B_c2,-1.579695,-0.9336455
page693_H-326_A_c0_sym_001,page693_H-326_A_c0,2.1048448,1.3663079
page693_H-326_B_c0_sym_001,page693_H-326_B_c0,2.7557712,1.8167231
page693_H-328_A_c2_sym_001,page693_H-328_A_c2,-1.579695,-0.9336455
page693_H-328_B_c2_sym_001,page693_H-328_B_c2,-0.9906412,-0.89985377
page694_H-329_A_bis_c1_sym_001,page694_H-329_A_bis_c1,0.09013268,-0.27253726
page694_H-329_A_bis_c1_sym_002,page694_H-329_A_bis_c1,1.4760841,0.81536955
page694_H-329_B_bis_c1_sym_001,page694_H-329_B_bis_c1,0.09013268,-0.27253726
page694_H-329_B_bis_c1_sym_002,page694_H-329_B_bis_c1,1.4760841,0.81536955
page694_H-331_A_bis_c1_sym_001,page694_H-331_A_bis_c1,0.09013268,-0.27253726
page694_H-331_A_bis_c1_sym_002,page694_H-331_A_bis_c1,1.4760841,0.81536955
page694_H-333_A_c0_sym_001,page694_H-333_A_c0,-0.834224,-0.82182175
page694_H-333_A_c0_sym_002,page694_H-333_A_c0,0.1802629,-0.2585667
page694_H-334_A_c2_sym_001,page694_H-334_A_c2,1.7548269,0.9022811
page694_H-334_B_c2_sym_001,page694_H-334_B_c2,1.7548269,0.9022811
page694_H-334_C_c0_sym_001,page694_H-334_C_c0,1.7548269,0.9022811
page695_H-335_A_c0_sym_001,page695_H-335_A_c0,-0.35644045,-0.54929304
page695_H-338_a_c3_sym_001,page695_H-338_a_c3,0.9454993,0.37765923
page695_H-338_b_c3_sym_001,page695_H-338_b_c3,0.9454993,0.37765923
page695_H-339_A_bis_c1_sym_001,page695_H-339_A_bis_c1,2.665362,1.6835641
page695_H-339_A_c0_sym_001,page695_H-339_A_c0,2.0595086,1.3043766
page695_H-339_B_bis_c1_sym_001,page695_H-339_B_bis_c1,0.007995377,-0.35720503
page695_H-339_B_bis_c1_sym_002,page695_H-339_B_bis_c1,2.2249184,1.3468335
page695_H-339_B_c0_sym_001,page695_H-339_B_c0,1.972949,1.2147782
page695_H-339_b_c2_sym_001,page695_H-339_b_c2,2.6954453,1.6947023
page696_H-340_A_c0_sym_001,page696_H-340_A_c0,2.4785907,1.5437266
page696_H-340_B_c0_sym_001,page696_H-340_B_c0,2.4785907,1.5437266
page696_H-341_A_c0_sym_001,page696_H-341_A_c0,2.4495728,1.5201507
page696_H-341_B_c0_sym_001,page696_H-341_B_c0,2.4495728,1.5201507
page696_H-342_B_c2_sym_001,page696_H-342_B_c2,2.6499069,1.6614863
page696_H-343_A_c0_sym_001,page696_H-343_A_c0,2.4495728,1.5201507
page696_H-343_B_c0_sym_001,page696_H-343_B_c0,2.4495728,1.5201507
page697_H-347_a_c2_sym_001,page697_H-347_a_c2,3.4870465,2.351203
page697_H-349_E_c1_sym_001,page697_H-349_E_c1,3.4870465,2.351203
page697_H-350_B_c0_sym_001,page697_H-350_B_c0,3.4870465,2.351203
page697_H-350_c0_sym_001,page697_H-350_c0,1.4049652,0.78851736
page697_H-351_A_c0_sym_001,page697_H-351_A_c0,2.310789,1.4620146
page697_H-351_B_c0_sym_001,page697_H-351_B_c0,2.310789,1.4620146
page697_H-351_C_c0_sym_001,page697_H-351_C_c0,2.310789,1.4620146
page698_H-355_A_c0_sym_001,page698_H-355_A_c0,1.3337178,0.71226984
page698_H-356_A_c1_sym_001,page698_H-356_A_c1,0.7109376,0.29032093
page698_H-356_B_c1_sym_001,page698_H-356_B_c1,1.3341173,0.8008654
page698_H-356_C_c1_sym_001,page698_H-356_C_c1,1.3341173,0.8008654
page698_H-357_A_c0_sym_001,page698_H-357_A_c0,2.0143526,1.2325418
page698_H-357_B_c2_sym_001,page698_H-357_B_c2,2.0143526,1.2325418
page698_H-357_C_c2_sym_001,page698_H-357_C_c2,2.0143526,1.2325418
page698_H-358_A_bis_c1_sym_001,page698_H-358_A_bis_c1,1.837255,1.1126549
page698_H-358_A_c0_sym_001,page698_H-358_A_c0,1.7273402,0.99235445
page698_H-358_B_c0_sym_001,page698_H-358_B_c0,1.837255,1.1126549
page698_H-358_C_c0_sym_001,page698_H-358_C_c0,1.837255,1.1126549
page698_H-359_A_c0_sym_001,page698_H-359_A_c0,1.494787,0.86640495
page698_H-359_a_c1_sym_001,page698_H-359_a_c1,0.980187,0.48682594
page698_H-359_B_c1_sym_001,page698_H-359_B_c1,1.494787,0.86640495
page698_H-359_C_c1_sym_001,page698_H-359_C_c1,1.494787,0.86640495
page698_H-360_A_c0_sym_001,page698_H-360_A_c0,1.7273402,0.99235445
page698_H-360_B_c0_sym_001,page698_H-360_B_c0,1.9698998,1.2135721
page698_H-360_C_c0_sym_001,page698_H-360_C_c0,1.9698998,1.2135721
page698_H-361_A_bis_c2_sym_001,page698_H-361_A_bis_c2,1.8784865,1.1575825
page698_H-361_B_c1_sym_001,page698_H-361_B_c1,1.6289253,0.94815767
page698_H-361_C_c1_sym_001,page698_H-361_C_c1,-0.2851214,-0.49317306
page698_H-362_A_c3_sym_001,page698_H-362_A_c3,1.73476,1.0248281
page698_H-362_B_c2_sym_001,page698_H-362_B_c2,1.7925076,1.1108931
page698_H-362_C_c2_sym_001,page698_H-362_C_c2,1.7925076,1.1108931
page699_H-363_B_bis_c1_sym_001,page699_H-363_B_bis_c1,0.981876,0.46572286
page699_H-365_A_bis_c0_sym_001,page699_H-365_A_bis_c0,0.7612784,0.32057795
page699_H-365_A_c0_sym_001,page699_H-365_A_c0,0.44972116,0.0673893
page699_H-365_A_ter_c1_sym_001,page699_H-365_A_ter_c1,0.60387665,0.21364039
page699_H-366_C_c0_sym_001,page699_H-366_C_c0,0.68528044,0.28748664
page699_H-367_A_c0_sym_001,page699_H-367_A_c0,0.44972116,0.0673893
page699_H-367_B_c0_sym_001,page699_H-367_B_c0,0.44972116,0.0673893
page699_H-367_E_c0_sym_001,page699_H-367_E_c0,0.68528044,0.28748664
page700_H-368_a_c0_sym_001,page700_H-368_a_c0,-0.41179875,-0.596229
page700_H-368_a_c0_sym_002,page700_H-368_a_c0,-0.009841243,-0.3325189
page700_H-369_a_c0_sym_001,page700_H-369_a_c0,-0.41179875,-0.596229
page700_H-369_a_c0_sym_002,page700_H-369_a_c0,-0.009841243,-0.3325189
page700_H-369_E_c1_sym_001,page700_H-369_E_c1,-0.41179875,-0.596229
page700_H-369_E_c1_sym_002,page700_H-369_E_c1,-0.009841243,-0.3325189
page706_L-6_H_c0_sym_001,page706_L-6_H_c0,-1.705736,-0.89769065
page706_S-3_c0_sym_001,page706_S-3_c0,-1.4404668,-1.1682578
page706_S-3_c0_sym_002,page706_S-3_c0,4.587945,3.2651901
page706_S-3_c0_sym_003,page706_S-3_c0,-0.21716632,-0.49007764
page706_S-3_c0_sym_004,page706_S-3_c0,-1.8340688,-1.2006216
page706_S-3_c0_sym_005,page706_S-3_c0,-1.0511119,-1.1195803
page706_S-3_c0_sym_006,page706_S-3_c0,0.39908963,-0.07134948
page706_S-3_c0_sym_007,page706_S-3_c0,-3.3301044,-1.2633014
page706_S-3_c0_sym_008,page706_S-3_c0,-0.6093288,-0.8002016
page706_S-3_c0_sym_009,page706_S-3_c0,-1.3340719,-1.1563836
page706_S-3_c0_sym_010,page706_S-3_c0,2.2741065,1.4527684
page706_S-3_c0_sym_011,page706_S-3_c0,4.1726093,2.9201143
page706_S-3_c0_sym_012,page706_S-3_c0,0.48116952,0.026675394
page706_S-3_c0_sym_013,page706_S-3_c0,-0.68784565,-0.83739763
page706_S-3_c0_sym_014,page706_S-3_c0,-1.0497384,-1.1191828
page706_S-3_c0_sym_015,page706_S-3_c0,0.84876037,0.30598524
page706_S-3_c0_sym_016,page706_S-3_c0,1.7228215,0.8985117
page706_S-3_c0_sym_017,page706_S-3_c0,-0.8058303,-0.80166554
page706_S-3_c0_sym_018,page706_S-3_c0,0.94026566,0.32416746
page706_S-3_c0_sym_019,page706_S-3_c0,-1.2428902,-1.1453701
page706_S-3_c0_sym_020,page706_S-3_c0,0.5758612,0.07922808
page706_S-3_c0_sym_021,page706_S-3_c0,-0.18304601,-0.5044843
page706_S-3_c0_sym_022,page706_S-3_c0,-0.6551998,-0.70690364
page706_S-3_c0_sym_023,page706_S-3_c0,-1.3559755,-1.1532884
page706_S-3_c0_sym_024,page706_S-3_c0,-1.0517008,-1.1195755
page706_S-3_c0_sym_025,page706_S-3_c0,-1.6189926,-1.1985302
page706_S-3_c0_sym_026,page706_S-3_c0,-2.2377255,-1.3244716
page706_S-3_c0_sym_027,page706_S-3_c0,-0.18589978,-0.5142746
page706_S-3_c0_sym_028,page706_S-3_c0,-0.4249443,-0.60786647
page706_S-3_c0_sym_029,page706_S-3_c0,-0.83121055,-0.96903616
page706_S-3_c0_sym_030,page706_S-3_c0,-0.84842855,-0.8567811
page706_S-3_c0_sym_031,page706_S-3_c0,-1.468518,-1.1714073
page706_S-3_c0_sym_032,page706_S-3_c0,-1.4376733,-1.1680237
page706_S-3_c0_sym_033,page706_S-3_c0,-3.1923625,-1.2643774
page706_S-3_c0_sym_034,page706_S-3_c0,-3.153945,-1.3012658
page706_S-3_c0_sym_035,page706_S-3_c0,-1.4079052,-1.1392612
page706_S-3_c0_sym_036,page706_S-3_c0,-1.333728,-1.1563237
page706_S-3_c0_sym_037,page706_S-3_c0,-2.0449426,-1.1182716
page706_S-3_c0_sym_038,page706_S-3_c0,-3.0094101,-1.2421788
page706_S-3_c0_sym_039,page706_S-3_c0,-1.8063823,-1.1936383
page706_S-3_c0_sym_040,page706_S-3_c0,-3.0920177,-1.3031658
page706_S-3_c0_sym_041,page706_S-3_c0,-3.0979552,-1.3032941
page706_S-3_c0_sym_042,page706_S-3_c0,-3.0717878,-1.299324
page706_S-3_c0_sym_043,page706_S-3_c0,-2.9472373,-1.1966395
page706_S-3_c0_sym_044,page706_S-3_c0,-3.1675997,-1.2535508
page706_S-3_c0_sym_045,page706_S-3_c0,-1.020878,-1.1147479
page707_E-4_a_c0_sym_001,page707_E-4_a_c0,0.18878008,-0.2298933
page707_L-9_a_c0_sym_001,page707_L-9_a_c0,0.18878008,-0.2298933
page709_L-14_B_c0_sym_001,page709_L-14_B_c0,4.29743,2.9857867
page709_L-15_a_c0_sym_001,page709_L-15_a_c0,-3.1110332,-1.3286383
page709_L-4_E_c1_sym_001,page709_L-4_E_c1,4.29743,2.9857867
page710_L-19_a_c0_sym_001,page710_L-19_a_c0,4.8075786,3.3679445
page710_L-21_a_c1_sym_001,page710_L-21_a_c1,4.6186023,3.1980824
page711_L-22_c0_sym_001,page711_L-22_c0,-0.9063129,-0.81987476
page711_L-22_c0_sym_002,page711_L-22_c0,5.0783057,3.588972
page711_L-24_a_c0_sym_001,page711_L-24_a_c0,-0.9063129,-0.81987476
page711_L-24_a_c0_sym_002,page711_L-24_a_c0,5.0783057,3.588972
page711_L-26_A_c0_sym_001,page711_L-26_A_c0,-0.78975767,-0.80265135
page712_L-28_A_c0_sym_001,page712_L-28_A_c0,-1.196116,-0.93148834
page712_L-28_A_c0_sym_002,page712_L-28_A_c0,0.10870294,-0.25820222
page712_L-28_A_c0_sym_003,page712_L-28_A_c0,-0.79368186,-0.76264256
page712_L-30_a_c0_sym_001,page712_L-30_a_c0,-1.196116,-0.93148834
page712_L-30_a_c0_sym_002,page712_L-30_a_c0,0.10870294,-0.25820222
page712_L-30_a_c0_sym_003,page712_L-30_a_c0,-0.79368186,-0.76264256
page712_L-30_A_c3_sym_001,page712_L-30_A_c3,-1.196116,-0.93148834
page712_L-30_A_c3_sym_002,page712_L-30_A_c3,0.10870294,-0.25820222
page712_L-30_A_c3_sym_003,page712_L-30_A_c3,-0.79368186,-0.76264256
page712_O-4_c1_sym_001,page712_O-4_c1,-1.196116,-0.93148834
page712_O-4_c1_sym_002,page712_O-4_c1,0.10870294,-0.25820222
page712_O-4_c1_sym_003,page712_O-4_c1,-0.79368186,-0.76264256
page713_L-31_a_c0_sym_001,page713_L-31_a_c0,-0.5233014,-0.64866346
page713_L-33_A_c2_sym_001,page713_L-33_A_c2,-0.10213243,-0.37818548
page713_L-33_A_c2_sym_002,page713_L-33_A_c2,2.5207787,1.5794973
page713_L-36_A_c0_sym_001,page713_L-36_A_c0,0.1654134,-0.22503768
page713_L-36_A_c0_sym_002,page713_L-36_A_c0,5.669378,4.0662174
page713_L-37_A_c0_sym_001,page713_L-37_A_c0,-0.9057978,-0.84473157
page713_L-39_A_c0_sym_001,page713_L-39_A_c0,-0.9057978,-0.84473157
page713_L-3_I_c0_sym_001,page713_L-3_I_c0,3.3665998,2.231159
page713_L-40_A_c2_sym_001,page713_L-40_A_c2,0.1654134,-0.22503768
page713_L-40_A_c2_sym_002,page713_L-40_A_c2,5.669378,4.0662174
page714_L-41_B_c0_sym_001,page714_L-41_B_c0,4.0488195,2.7681184
page714_L-42_Z_c0_sym_001,page714_L-42_Z_c0,4.843249,3.409148
page714_L-44_C_c1_sym_001,page714_L-44_C_c1,-0.019961895,-0.35775882
page714_L-44_C_c1_sym_002,page714_L-44_C_c1,1.6300384,0.8229664
page714_L-44_C_c1_sym_003,page714_L-44_C_c1,1.081746,0.46467376
page714_L-44_C_c1_sym_004,page714_L-44_C_c1,3.2570095,2.1766512
page714_L-44_C_c1_sym_005,page714_L-44_C_c1,1.0059057,0.5085487
page714_L-44_E_c2_sym_001,page714_L-44_E_c2,4.613132,3.2727385
page715_L-45_a_c0_sym_001,page715_L-45_a_c0,-0.5326548,-0.7479081
page715_L-45_a_c0_sym_002,page715_L-45_a_c0,-0.8464215,-0.86071837
page715_L-46_a_c1_sym_001,page715_L-46_a_c1,-0.5326548,-0.7479081
page715_L-46_a_c1_sym_002,page715_L-46_a_c1,-0.8464215,-0.86071837
page716_L-50_a_c0_sym_001,page716_L-50_a_c0,1.1144669,0.457221
page716_L-50_a_c0_sym_002,page716_L-50_a_c0,-3.630383,-1.3341129
page716_L-51_B_c0_sym_001,page716_L-51_B_c0,1.1144669,0.457221
page716_L-51_B_c0_sym_002,page716_L-51_B_c0,-3.630383,-1.3341129
page717_L-53_a_c2_sym_001,page717_L-53_a_c2,-0.8125679,-0.8464415
page717_L-54_a_c2_sym_001,page717_L-54_a_c2,-0.8125679,-0.8464415
page717_L-55_B_c0_sym_001,page717_L-55_B_c0,4.0461307,2.8105166
page717_L-55_B_c0_sym_002,page717_L-55_B_c0,1.2586825,0.67725855
page717_L-55_B_c0_sym_003,page717_L-55_B_c0,0.76362497,0.21281147
page717_L-55_B_c0_sym_004,page717_L-55_B_c0,0.8917861,0.35745096
page717_L-55_B_c0_sym_005,page717_L-55_B_c0,1.5276423,0.77330714
page717_L-55_B_c0_sym_006,page717_L-55_B_c0,0.9398427,0.36798897
page717_L-55_B_c0_sym_007,page717_L-55_B_c0,1.279084,0.6202619
page717_L-55_B_c0_sym_008,page717_L-55_B_c0,0.34668556,-0.06939355
page717_L-55_B_c0_sym_009,page717_L-55_B_c0,1.4904155,0.7427215
page717_L-55_B_c0_sym_010,page717_L-55_B_c0,0.17537697,-0.16367622
page717_L-55_B_c0_sym_011,page717_L-55_B_c0,-0.22086419,-0.4512448
page717_L-55_B_c0_sym_012,page717_L-55_B_c0,1.107078,0.41942513
page717_L-55_B_c0_sym_013,page717_L-55_B_c0,0.75094175,0.18511668
page717_L-55_B_c0_sym_014,page717_L-55_B_c0,0.31379354,-0.106886566
page717_L-55_B_c0_sym_015,page717_L-55_B_c0,1.0315024,0.38132614
page717_L-55_B_c0_sym_016,page717_L-55_B_c0,1.0253395,0.38203353
page717_S-5_c0_sym_001,page717_S-5_c0,-0.8125679,-0.8464415
page718_L-56_a_c1_sym_001,page718_L-56_a_c1,-0.8365396,-0.74227977
page718_L-57_D_c0_sym_001,page718_L-57_D_c0,-0.8365396,-0.74227977
page718_L-59_B_c0_sym_001,page718_L-59_B_c0,-0.14887527,-0.3115806
page718_L-59_B_c0_sym_002,page718_L-59_B_c0,0.877471,0.3605934
page718_L-59_E_c1_sym_001,page718_L-59_E_c1,-0.8365396,-0.74227977
page718_L-5_S_c0_sym_001,page718_L-5_S_c0,-0.8365396,-0.74227977
page718_L-60_A_bis_c1_sym_001,page718_L-60_A_bis_c1,-0.14887527,-0.3115806
page718_L-60_A_bis_c1_sym_002,page718_L-60_A_bis_c1,0.877471,0.3605934
page720_L-63_A_c0_sym_001,page720_L-63_A_c0,0.82879853,0.24132012
page720_L-65_A_c0_sym_001,page720_L-65_A_c0,0.82879853,0.24132012
page720_L-65_C_c0_sym_001,page720_L-65_C_c0,2.9800305,1.962197
page721_L-66_A_bis_c1_sym_001,page721_L-66_A_bis_c1,-1.1474179,-0.9895048
page721_L-66_c0_sym_001,page721_L-66_c0,-0.64395463,-0.82420486
page721_L-66_D_c1_sym_001,page721_L-66_D_c1,-0.64395463,-0.82420486
page721_L-66_E_c2_sym_001,page721_L-66_E_c2,-1.1474179,-0.9895048
page721_L-66_F_c3_sym_001,page721_L-66_F_c3,1.4249512,0.7935758
page722_L-67_A_c0_sym_001,page722_L-67_A_c0,-4.537264,-1.6000011
page722_L-67_B_c0_sym_001,page722_L-67_B_c0,-4.537264,-1.6000011
page722_L-68_A_c0_sym_001,page722_L-68_A_c0,-4.537264,-1.6000011
page722_L-68_E_c0_sym_001,page722_L-68_E_c0,-4.537264,-1.6000011
page723_L-73_A_c2_sym_001,page723_L-73_A_c2,-0.76872396,-0.7572105
page723_L-73_A_c2_sym_002,page723_L-73_A_c2,-0.24809216,-0.4867415
page723_L-73_a_c3_sym_001,page723_L-73_a_c3,1.3853444,0.6032148
page723_L-73_B_c4_sym_001,page723_L-73_B_c4,4.539619,3.103457
page723_L-75_a_c2_sym_001,page723_L-75_a_c2,1.3853444,0.6032148
page723_L-76_a_c1_sym_001,page723_L-76_a_c1,-0.63884985,-0.7331288
page723_L-76_a_c1_sym_002,page723_L-76_a_c1,-0.40347737,-0.5897697
page723_L-77_a_c3_sym_001,page723_L-77_a_c3,1.3853444,0.6032148
page724_L-78_A_c0_sym_001,page724_L-78_A_c0,-0.13030691,-0.4593305
page724_L-78_A_c0_sym_002,page724_L-78_A_c0,2.085643,1.3196915
page724_L-79_A_bis_c1_sym_001,page724_L-79_A_bis_c1,0.5585517,0.034668244
page724_L-79_A_bis_c1_sym_002,page724_L-79_A_bis_c1,1.2292993,0.749249
page724_L-79_A_c0_sym_001,page724_L-79_A_c0,-0.13030691,-0.4593305
page724_L-79_A_c0_sym_002,page724_L-79_A_c0,2.085643,1.3196915
page724_L-79_B_c1_sym_001,page724_L-79_B_c1,2.566532,1.7367787
page724_L-79_E_c1_sym_001,page724_L-79_E_c1,2.566532,1.7367787
page724_L-79_F_c0_sym_001,page724_L-79_F_c0,0.5585517,0.034668244
page724_L-79_F_c0_sym_002,page724_L-79_F_c0,1.2292993,0.749249
page725_L-82_a_c1_sym_001,page725_L-82_a_c1,-0.46910283,-0.49454516
page725_L-86_a_c2_sym_001,page725_L-86_a_c2,-0.46910283,-0.49454516
page726_L-87_E_c0_sym_001,page726_L-87_E_c0,0.920145,0.43171242
page726_L-88_a_c0_sym_001,page726_L-88_a_c0,-0.678187,-0.7307473
page726_L-88_a_c0_sym_002,page726_L-88_a_c0,-0.83319616,-0.7696265
page726_L-88_a_c0_sym_003,page726_L-88_a_c0,-1.2470827,-0.9205618
page726_L-88_A_c1_sym_001,page726_L-88_A_c1,-0.678187,-0.7307473
page726_L-88_A_c1_sym_002,page726_L-88_A_c1,-0.83319616,-0.7696265
page726_L-88_A_c1_sym_003,page726_L-88_A_c1,-1.2470827,-0.9205618
page726_L-89_A_c0_sym_001,page726_L-89_A_c0,-3.400078,-1.3190289
page726_L-89_A_c0_sym_002,page726_L-89_A_c0,-3.3236623,-1.2900889
page726_L-89_A_c0_sym_003,page726_L-89_A_c0,-3.4074132,-1.2927486
page726_L-90_A_c1_sym_001,page726_L-90_A_c1,0.5891728,0.061904885
page726_L-90_A_c1_sym_002,page726_L-90_A_c1,-1.1829087,-0.7986897
page726_L-90_A_c1_sym_003,page726_L-90_A_c1,-0.5012391,-0.6002451
page726_L-92_A_bis_c1_sym_001,page726_L-92_A_bis_c1,-3.400078,-1.3190289
page726_L-92_A_bis_c1_sym_002,page726_L-92_A_bis_c1,-3.3236623,-1.2900889
page726_L-92_A_bis_c1_sym_003,page726_L-92_A_bis_c1,-3.4074132,-1.2927486
page726_L-92_A_c0_sym_001,page726_L-92_A_c0,-3.400078,-1.3190289
page726_L-92_A_c0_sym_002,page726_L-92_A_c0,-3.3236623,-1.2900889
page726_L-92_A_c0_sym_003,page726_L-92_A_c0,-3.4074132,-1.2927486
page726_L-92_E_c0_sym_001,page726_L-92_E_c0,-3.400078,-1.3190289
page726_L-92_E_c0_sym_002,page726_L-92_E_c0,-3.3236623,-1.2900889
page726_L-92_E_c0_sym_003,page726_L-92_E_c0,-3.4074132,-1.2927486
page726_L-93_a_c0_sym_001,page726_L-93_a_c0,-0.7171438,-0.7709616
page726_L-93_A_c2_sym_001,page726_L-93_A_c2,-0.7171438,-0.7709616
page726_L-93_E_c1_sym_001,page726_L-93_E_c1,-1.1084565,-0.9427354
page726_L-94_a_c1_sym_001,page726_L-94_a_c1,-1.1084565,-0.9427354
page726_L-94_A_c4_sym_001,page726_L-94_A_c4,-1.1084565,-0.9427354
page727_L-96_B_c0_sym_001,page727_L-96_B_c0,-0.6375064,-0.6244546
page728_L-100_a_c1_sym_001,page728_L-100_a_c1,2.0689497,1.2741308
page728_L-99_a_c1_sym_001,page728_L-99_a_c1,2.0689497,1.2741308
page728_L-9_B_c2_sym_001,page728_L-9_B_c2,-5.840109,0.033954196
page729_L-101_B_c1_sym_001,page729_L-101_B_c1,-0.7882328,-0.7643132
page729_L-101_C_c0_sym_001,page729_L-101_C_c0,0.41977972,0.14529908
page729_L-102_D_c2_sym_001,page729_L-102_D_c2,-0.7882328,-0.7643132
page729_L-102_E_c0_sym_001,page729_L-102_E_c0,-0.7882328,-0.7643132
page729_L-103_A_c0_sym_001,page729_L-103_A_c0,-0.8143624,-0.84249383
page729_L-103_A_c0_sym_002,page729_L-103_A_c0,0.55803126,0.11957154
page729_L-103_A_c0_sym_003,page729_L-103_A_c0,-0.8194761,-0.9455591
page729_L-103_A_c0_sym_004,page729_L-103_A_c0,0.4261102,0.001204911
page729_L-103_A_c0_sym_005,page729_L-103_A_c0,-1.2963369,-1.141885
page729_L-103_A_c0_sym_006,page729_L-103_A_c0,0.11473534,-0.1378364
page729_L-103_A_c0_sym_007,page729_L-103_A_c0,-4.4516892,-0.7280981
page729_L-103_A_c0_sym_008,page729_L-103_A_c0,0.6825975,0.15876707
page729_L-103_A_c0_sym_009,page729_L-103_A_c0,3.0784068,2.074212
page729_L-103_a_c1_sym_001,page729_L-103_a_c1,-0.5544982,-0.67283297
page729_L-103_B_c0_sym_001,page729_L-103_B_c0,-0.3592094,-0.6057279
page729_L-103_c0_sym_001,page729_L-103_c0,-0.7882328,-0.7643132
page729_L-103_E_c0_sym_001,page729_L-103_E_c0,-0.3592094,-0.6057279
page730_L-104_B_c1_sym_001,page730_L-104_B_c1,-0.41713804,-0.5859041
page730_L-105_B_c0_sym_001,page730_L-105_B_c0,-0.41713804,-0.5859041
page730_L-105_E_c2_sym_001,page730_L-105_E_c2,-0.41713804,-0.5859041
page730_L-106_A_c0_sym_001,page730_L-106_A_c0,-0.39433032,-0.452218
page730_L-106_B_c1_sym_001,page730_L-106_B_c1,-0.41713804,-0.5859041
page730_L-106_C_c0_sym_001,page730_L-106_C_c0,-0.41713804,-0.5859041
page730_L-106_D_c2_sym_001,page730_L-106_D_c2,-0.41713804,-0.5859041
page730_L-1_c1_sym_001,page730_L-1_c1,-0.39433032,-0.452218
page731_L-107_A_c0_sym_001,page731_L-107_A_c0,2.9440973,1.9523468
page731_L-108_A_c0_sym_001,page731_L-108_A_c0,-0.32972693,-0.56648123
page731_L-108_A_c0_sym_002,page731_L-108_A_c0,2.9623814,1.9820005
page731_L-108_A_c0_sym_003,page731_L-108_A_c0,-1.1890823,-1.1385423
page731_L-108_A_c0_sym_004,page731_L-108_A_c0,-0.28823757,-0.5786774
page731_L-108_A_c0_sym_005,page731_L-108_A_c0,-1.0549601,-1.0600924
page731_L-108_A_c0_sym_006,page731_L-108_A_c0,0.25670707,-0.14882886
page731_L-108_A_c0_sym_007,page731_L-108_A_c0,0.40292725,-0.06352562
page731_L-108_A_c0_sym_008,page731_L-108_A_c0,1.4020102,0.67281705
page731_L-108_A_c0_sym_009,page731_L-108_A_c0,-1.0512346,-1.1053512
page731_L-108_A_c0_sym_010,page731_L-108_A_c0,-1.1811582,-1.1167787
page731_L-108_A_c0_sym_011,page731_L-108_A_c0,-0.12632822,-0.42195877
page731_L-108_A_c0_sym_012,page731_L-108_A_c0,-0.26489243,-0.4019585
page731_L-108_A_c0_sym_013,page731_L-108_A_c0,0.22795284,-0.1836098
page731_L-108_A_c0_sym_014,page731_L-108_A_c0,1.0461836,0.43025964
page731_L-108_A_c0_sym_015,page731_L-108_A_c0,-0.48959616,-0.7052839
page731_L-108_A_c0_sym_016,page731_L-108_A_c0,-1.3006111,-1.143404
page731_L-108_A_c0_sym_017,page731_L-108_A_c0,-0.60374665,-0.7567902
page731_L-108_A_c0_sym_018,page731_L-108_A_c0,1.1520114,0.5121
page731_L-108_A_c0_sym_019,page731_L-108_A_c0,-0.14242442,-0.4565038
page731_L-108_A_c0_sym_020,page731_L-108_A_c0,1.4249274,0.7118756
page731_L-108_A_c0_sym_021,page731_L-108_A_c0,-0.64742845,-0.74867755
page731_L-108_A_c0_sym_022,page731_L-108_A_c0,0.8357528,0.26681682
page731_L-108_A_c0_sym_023,page731_L-108_A_c0,-0.86448354,-0.9500174
page731_L-108_A_c0_sym_024,page731_L-108_A_c0,-1.3156704,-1.1511371
page731_L-108_A_c0_sym_025,page731_L-108_A_c0,-1.027262,-1.1157757
page731_L-108_A_c0_sym_026,page731_L-108_A_c0,0.38170052,-0.0638254
page731_L-108_A_c0_sym_027,page731_L-108_A_c0,-0.6091319,-0.8096592
page731_L-108_a_c2_sym_001,page731_L-108_a_c2,-1.1402466,-1.1319643
page731_L-108_a_c2_sym_002,page731_L-108_a_c2,-1.9804364,-1.2183083
page731_L-108_B_c1_sym_001,page731_L-108_B_c1,-0.40501767,-0.5813439
page731_L-109_A_c0_sym_001,page731_L-109_A_c0,-0.10841669,-0.4035286
page731_L-109_A_c0_sym_002,page731_L-109_A_c0,-0.9114437,-0.9969414
page731_L-109_A_c0_sym_003,page731_L-109_A_c0,-0.43588442,-0.6379669
page731_L-109_A_c0_sym_004,page731_L-109_A_c0,0.7389302,0.23154941
page731_L-109_A_c0_sym_005,page731_L-109_A_c0,-0.49435908,-0.69704217
page731_L-109_A_c0_sym_006,page731_L-109_A_c0,-1.4577793,-1.1696036
page731_L-109_A_c0_sym_007,page731_L-109_A_c0,4.4973097,3.1433046
page731_L-109_A_c0_sym_008,page731_L-109_A_c0,0.1801048,-0.22942437
page731_L-109_A_c0_sym_009,page731_L-109_A_c0,2.0401382,1.189566
page731_L-109_A_c0_sym_010,page731_L-109_A_c0,0.19068897,-0.26324245
page731_L-109_A_c0_sym_011,page731_L-109_A_c0,0.9439113,0.37386748
page731_L-109_A_c0_sym_012,page731_L-109_A_c0,-0.41987717,-0.5884801
page731_L-109_A_c0_sym_013,page731_L-109_A_c0,2.3057585,1.4957563
page731_L-109_A_c0_sym_014,page731_L-109_A_c0,0.3752938,-0.08809611
page731_L-109_A_c0_sym_015,page731_L-109_A_c0,-0.6911157,-0.83338624
page731_L-109_A_c0_sym_016,page731_L-109_A_c0,-0.78858143,-0.9176887
page731_L-109_A_c0_sym_017,page731_L-109_A_c0,-0.4042831,-0.63416964
page731_L-109_A_c0_sym_018,page731_L-109_A_c0,2.0273373,1.172908
page731_L-109_A_c0_sym_019,page731_L-109_A_c0,-1.4442806,-1.1687
page731_L-109_A_c0_sym_020,page731_L-109_A_c0,0.75687677,0.1910453
page731_L-109_A_c0_sym_021,page731_L-109_A_c0,-3.0142863,-1.2937167
page731_L-109_A_c0_sym_022,page731_L-109_A_c0,-1.4436027,-1.1686635
page731_L-109_A_c0_sym_023,page731_L-109_A_c0,-0.062896594,-0.3997083
page731_L-109_A_c0_sym_024,page731_L-109_A_c0,-0.15579025,-0.45159563
page731_L-109_A_c0_sym_025,page731_L-109_A_c0,-1.0697023,-1.0349501
page731_L-109_A_c0_sym_026,page731_L-109_A_c0,-0.17783225,-0.4461195
page731_L-109_A_c0_sym_027,page731_L-109_A_c0,0.31021714,0.003127503
page731_L-109_A_c0_sym_028,page731_L-109_A_c0,-0.9311737,-1.0176152
page731_L-109_A_c0_sym_029,page731_L-109_A_c0,-1.4676899,-1.1713002
page731_L-109_A_c0_sym_030,page731_L-109_A_c0,1.5532299,0.77577984
page731_L-109_A_c0_sym_031,page731_L-109_A_c0,-3.0459323,-1.2973263
page731_L-109_A_c0_sym_032,page731_L-109_A_c0,-1.0226156,-1.1150298
page731_L-109_A_c0_sym_033,page731_L-109_A_c0,-3.780237,-1.3054687
page731_L-109_A_c0_sym_034,page731_L-109_A_c0,-1.4470841,-1.168994
page731_L-109_A_c0_sym_035,page731_L-109_A_c0,-1.0226156,-1.1150298
page731_L-109_A_c0_sym_036,page731_L-109_A_c0,-1.7273085,-1.1974359
page731_L-109_A_c0_sym_037,page731_L-109_A_c0,-2.9703043,-1.2867575
page731_L-109_A_c0_sym_038,page731_L-109_A_c0,-1.0226156,-1.1150298
page731_L-109_A_c0_sym_039,page731_L-109_A_c0,-1.465303,-1.1696719
page731_L-109_A_c0_sym_040,page731_L-109_A_c0,-1.737496,-1.1981456
page731_L-109_A_c0_sym_041,page731_L-109_A_c0,-1.0226156,-1.1150298
page731_L-109_A_c0_sym_042,page731_L-109_A_c0,-2.9363885,-1.2847661
page731_L-109_A_c0_sym_043,page731_L-109_A_c0,-6.1098213,2.539916
page731_L-109_A_c0_sym_044,page731_L-109_A_c0,-3.4950533,-0.70045555
page731_L-109_a_c1_sym_001,page731_L-109_a_c1,-4.504086,-1.6359059
page731_L-109_a_c1_sym_002,page731_L-109_a_c1,-5.977812,0.31632924
page731_L-109_B_c0_sym_001,page731_L-109_B_c0,-4.504086,-1.6359059
page731_L-109_B_c0_sym_002,page731_L-109_B_c0,-5.977812,0.31632924
page731_L-109_C_c0_sym_001,page731_L-109_C_c0,-0.10841669,-0.4035286
page731_L-109_C_c0_sym_002,page731_L-109_C_c0,-0.9114437,-0.9969414
page731_L-109_C_c0_sym_003,page731_L-109_C_c0,-0.43588442,-0.6379669
page731_L-109_C_c0_sym_004,page731_L-109_C_c0,0.7389302,0.23154941
page731_L-109_C_c0_sym_005,page731_L-109_C_c0,-0.49435908,-0.69704217
page731_L-109_C_c0_sym_006,page731_L-109_C_c0,-1.4577793,-1.1696036
page731_L-109_C_c0_sym_007,page731_L-109_C_c0,4.4973097,3.1433046
page731_L-109_C_c0_sym_008,page731_L-109_C_c0,0.1801048,-0.22942437
page731_L-109_C_c0_sym_009,page731_L-109_C_c0,2.0401382,1.189566
page731_L-109_C_c0_sym_010,page731_L-109_C_c0,0.19068897,-0.26324245
page731_L-109_C_c0_sym_011,page731_L-109_C_c0,0.9439113,0.37386748
page731_L-109_C_c0_sym_012,page731_L-109_C_c0,-0.41987717,-0.5884801
page731_L-109_C_c0_sym_013,page731_L-109_C_c0,2.3057585,1.4957563
page731_L-109_C_c0_sym_014,page731_L-109_C_c0,0.3752938,-0.08809611
page731_L-109_C_c0_sym_015,page731_L-109_C_c0,-0.6911157,-0.83338624
page731_L-109_C_c0_sym_016,page731_L-109_C_c0,-0.78858143,-0.9176887
page731_L-109_C_c0_sym_017,page731_L-109_C_c0,-0.4042831,-0.63416964
page731_L-109_C_c0_sym_018,page731_L-109_C_c0,2.0273373,1.172908
page731_L-109_C_c0_sym_019,page731_L-109_C_c0,-1.4442806,-1.1687
page731_L-109_C_c0_sym_020,page731_L-109_C_c0,0.75687677,0.1910453
page731_L-109_C_c0_sym_021,page731_L-109_C_c0,-3.0142863,-1.2937167
page731_L-109_C_c0_sym_022,page731_L-109_C_c0,-1.4436027,-1.1686635
page731_L-109_C_c0_sym_023,page731_L-109_C_c0,-0.062896594,-0.3997083
page731_L-109_C_c0_sym_024,page731_L-109_C_c0,-0.15579025,-0.45159563
page731_L-109_C_c0_sym_025,page731_L-109_C_c0,-1.0697023,-1.0349501
page731_L-109_C_c0_sym_026,page731_L-109_C_c0,-0.17783225,-0.4461195
page731_L-109_C_c0_sym_027,page731_L-109_C_c0,0.31021714,0.003127503
page731_L-109_C_c0_sym_028,page731_L-109_C_c0,-0.9311737,-1.0176152
page731_L-109_C_c0_sym_029,page731_L-109_C_c0,-1.4676899,-1.1713002
page731_L-109_C_c0_sym_030,page731_L-109_C_c0,1.5532299,0.77577984
page731_L-109_C_c0_sym_031,page731_L-109_C_c0,-3.0459323,-1.2973263
page731_L-109_C_c0_sym_032,page731_L-109_C_c0,-1.0226156,-1.1150298
page731_L-109_C_c0_sym_033,page731_L-109_C_c0,-3.780237,-1.3054687
page731_L-109_C_c0_sym_034,page731_L-109_C_c0,-1.4470841,-1.168994
page731_L-109_C_c0_sym_035,page731_L-109_C_c0,-1.0226156,-1.1150298
page731_L-109_C_c0_sym_036,page731_L-109_C_c0,-1.7273085,-1.1974359
page731_L-109_C_c0_sym_037,page731_L-109_C_c0,-2.9703043,-1.2867575
page731_L-109_C_c0_sym_038,page731_L-109_C_c0,-1.0226156,-1.1150298
page731_L-109_C_c0_sym_039,page731_L-109_C_c0,-1.465303,-1.1696719
page731_L-109_C_c0_sym_040,page731_L-109_C_c0,-1.737496,-1.1981456
page731_L-109_C_c0_sym_041,page731_L-109_C_c0,-1.0226156,-1.1150298
page731_L-109_C_c0_sym_042,page731_L-109_C_c0,-2.9363885,-1.2847661
page731_L-109_C_c0_sym_043,page731_L-109_C_c0,-6.1098213,2.539916
page731_L-109_C_c0_sym_044,page731_L-109_C_c0,-3.4950533,-0.70045555
page732_L-1123_L_c0_sym_001,page732_L-1123_L_c0,-0.97407204,-1.0407944
page732_L-1123_L_c0_sym_002,page732_L-1123_L_c0,-1.2513398,-1.1464473
page732_L-1123_L_c0_sym_003,page732_L-1123_L_c0,1.8139167,1.1362638
page732_L-2_A_c0_sym_001,page732_L-2_A_c0,-0.97407204,-1.0407944
page732_L-2_A_c0_sym_002,page732_L-2_A_c0,-1.2513398,-1.1464473
page732_L-2_A_c0_sym_003,page732_L-2_A_c0,1.8139167,1.1362638
page733_L-113_c0_sym_001,page733_L-113_c0,4.565036,3.2272902
page733_L-116_C_c0_sym_001,page733_L-116_C_c0,1.1505822,0.6367212
page733_L-116_E_c0_sym_001,page733_L-116_E_c0,-0.94847566,-0.89840806
page733_L-1_I_c0_sym_001,page733_L-1_I_c0,1.379161,0.8489617
page734_L-118_F_c0_sym_001,page734_L-118_F_c0,-0.6438524,-0.68613195
page734_L-120_c0_sym_001,page734_L-120_c0,1.0845594,0.38786572
page735_L-123_a_c1_sym_001,page735_L-123_a_c1,3.8127458,2.5704699
page735_L-124_B_c1_sym_001,page735_L-124_B_c1,3.8127458,2.5704699
page736_L-127_A_c0_sym_001,page736_L-127_A_c0,-2.8048642,-1.0491858
page736_L-127_A_c0_sym_002,page736_L-127_A_c0,3.934875,2.7113693
page740_L-146_A_c0_sym_001,page740_L-146_A_c0,-1.3364094,-1.1566571
page740_L-146_A_c0_sym_002,page740_L-146_A_c0,-1.4765939,-1.1722761
page740_L-146_A_c0_sym_003,page740_L-146_A_c0,-1.2570169,-1.1471536
page743_L-162_A_c0_sym_001,page743_L-162_A_c0,0.12667876,-0.22995083
page743_L-162_A_c0_sym_002,page743_L-162_A_c0,0.2089941,-0.19168732
page743_L-162_A_c0_sym_003,page743_L-162_A_c0,-0.03680533,-0.23049852
page743_L-162_A_c0_sym_004,page743_L-162_A_c0,0.94192314,0.3230056
page743_L-162_A_c0_sym_005,page743_L-162_A_c0,4.241985,2.955251
page744_L-165_A_c0_sym_001,page744_L-165_A_c0,-1.0312713,-1.1163582
page744_L-165_A_c0_sym_002,page744_L-165_A_c0,-1.0219885,-1.114925
page744_L-167_A_c1_sym_001,page744_L-167_A_c1,-1.0312713,-1.1163582
page744_L-167_A_c1_sym_002,page744_L-167_A_c1,-1.0219885,-1.114925
page746_L-174_c0_sym_001,page746_L-174_c0,4.0726743,2.828433
page746_L-176_A_bis_c0_sym_001,page746_L-176_A_bis_c0,3.032396,2.0046809
page746_L-176_A_c0_sym_001,page746_L-176_A_c0,4.0726743,2.828433
page747_L-177_A_bis_c0_sym_001,page747_L-177_A_bis_c0,2.6826196,1.7504176
page747_L-178_A_bis_c0_sym_001,page747_L-178_A_bis_c0,0.13633072,-0.28576627
page747_L-180_A_c0_sym_001,page747_L-180_A_c0,0.13633072,-0.28576627
page747_M-7_c0_sym_001,page747_M-7_c0,2.6826196,1.7504176
page750_L-191_A_c0_sym_001,page750_L-191_A_c0,0.8637499,0.30841866
page750_L-191_A_c0_sym_002,page750_L-191_A_c0,0.09547446,-0.16312975
page752_L-203_A_c0_sym_001,page752_L-203_A_c0,-1.0435932,-1.1182135
page752_L-203_A_c0_sym_002,page752_L-203_A_c0,-1.044959,-1.1184161
page752_L-203_A_c0_sym_003,page752_L-203_A_c0,-1.4203793,-1.1661035
page753_L-204_A_c0_sym_001,page753_L-204_A_c0,-1.1340609,-1.0092058
page753_L-205_A_c0_sym_001,page753_L-205_A_c0,-1.1340609,-1.0092058
page755_L-210_A_c0_sym_001,page755_L-210_A_c0,0.23550464,-0.18332724
page755_L-210_A_c0_sym_002,page755_L-210_A_c0,-2.7875688,-1.2826349
page755_L-210_A_c0_sym_003,page755_L-210_A_c0,-2.7875688,-1.2826349
page755_L-210_A_c0_sym_004,page755_L-210_A_c0,0.5213371,0.03083459
page755_L-210_A_c0_sym_005,page755_L-210_A_c0,-1.024942,-1.1153685
page755_L-210_A_c0_sym_006,page755_L-210_A_c0,0.8113047,0.22182488
page755_L-210_A_c0_sym_007,page755_L-210_A_c0,-1.0200725,-1.1146172
page755_L-210_A_c0_sym_008,page755_L-210_A_c0,-1.0200725,-1.1146172
page755_L-210_A_c0_sym_009,page755_L-210_A_c0,-2.948453,-1.2889616
page755_L-212_c0_sym_001,page755_L-212_c0,0.23550464,-0.18332724
page755_L-212_c0_sym_002,page755_L-212_c0,-2.7875688,-1.2826349
page755_L-212_c0_sym_003,page755_L-212_c0,-2.7875688,-1.2826349
page755_L-212_c0_sym_004,page755_L-212_c0,0.5213371,0.03083459
page755_L-212_c0_sym_005,page755_L-212_c0,-1.024942,-1.1153685
page755_L-212_c0_sym_006,page755_L-212_c0,0.8113047,0.22182488
page755_L-212_c0_sym_007,page755_L-212_c0,-1.0200725,-1.1146172
page755_L-212_c0_sym_008,page755_L-212_c0,-1.0200725,-1.1146172
page755_L-212_c0_sym_009,page755_L-212_c0,-2.948453,-1.2889616
page758_E-2_c0_sym_001,page758_E-2_c0,-0.09362802,-0.38258654
page758_L-228_A_c1_sym_001,page758_L-228_A_c1,1.9934081,1.200143
page759_L-231_A_c0_sym_001,page759_L-231_A_c0,0.13684447,-0.27669662
page759_L-237_A_c0_sym_001,page759_L-237_A_c0,0.13684447,-0.27669662
page759_L-240_c0_sym_001,page759_L-240_c0,0.13684447,-0.27669662
page759_L-242_A_c0_sym_001,page759_L-242_A_c0,0.13684447,-0.27669662
page759_L-244_A_c1_sym_001,page759_L-244_A_c1,-0.94193864,-0.8698248
page760_L-253_A_c2_sym_001,page760_L-253_A_c2,-1.0289218,-1.1159803
page761_L-244_A_c0_sym_001,page761_L-244_A_c0,-1.0089844,-1.0739986
page761_L-263_A_c0_sym_001,page761_L-263_A_c0,-1.0089844,-1.0739986
page761_L-266_A_bis_c1_sym_001,page761_L-266_A_bis_c1,-1.0089844,-1.0739986
page761_L-266_A_c0_sym_001,page761_L-266_A_c0,-1.0089844,-1.0739986
page762_L-273_c0_sym_001,page762_L-273_c0,3.0007417,1.9927403
page762_L-274_A_bis_c1_sym_001,page762_L-274_A_bis_c1,0.65158695,0.11405221
page762_L-276_A_c0_sym_001,page762_L-276_A_c0,0.65158695,0.11405221
page763_L-277_A_c0_sym_001,page763_L-277_A_c0,0.4368382,-0.020232609
page765_K-1_a_c1_sym_001,page765_K-1_a_c1,-1.2743765,-1.0683113
page765_K-1_a_c1_sym_002,page765_K-1_a_c1,-1.4293325,-1.171495
page767_K-5_a_c0_sym_001,page767_K-5_a_c0,-0.58206517,-0.72691005
page767_K-5_a_c0_sym_002,page767_K-5_a_c0,-0.1883029,-0.4583982
page767_K-6_a_c1_sym_001,page767_K-6_a_c1,-0.14647152,-0.44165137
page767_K-6_B_c0_sym_001,page767_K-6_B_c0,0.25211987,-0.06871059
page767_K-6_C_c0_sym_001,page767_K-6_C_c0,0.25211987,-0.06871059
page767_K-7_A_c0_sym_001,page767_K-7_A_c0,-0.58206517,-0.72691005
page767_K-7_A_c0_sym_002,page767_K-7_A_c0,-0.1883029,-0.4583982
page767_K-8_A_c1_sym_001,page767_K-8_A_c1,-0.14647152,-0.44165137
page767_K-9_A_c2_sym_001,page767_K-9_A_c2,-0.14647152,-0.44165137
page768_K-10_A_c0_sym_001,page768_K-10_A_c0,-0.212687,-0.44843492
page768_K-11_A_c1_sym_001,page768_K-11_A_c1,-0.6324116,-0.71060604
page768_K-12_a_c1_sym_001,page768_K-12_a_c1,1.516785,0.8099235
page768_K-12_a_c1_sym_002,page768_K-12_a_c1,-0.37545875,-0.5661541
page768_K-12_a_c1_sym_003,page768_K-12_a_c1,-0.41326132,-0.5669752
page768_K-12_a_c1_sym_004,page768_K-12_a_c1,-0.31755644,-0.5325476
page768_K-12_a_c1_sym_005,page768_K-12_a_c1,1.548727,0.8160328
page768_K-12_a_c1_sym_006,page768_K-12_a_c1,-1.007127,-0.84078544
page768_K-12_a_c1_sym_007,page768_K-12_a_c1,0.24004193,-0.1626515
page768_K-12_a_c1_sym_008,page768_K-12_a_c1,0.81146145,0.3870206
page768_K-13_A_c0_sym_001,page768_K-13_A_c0,-0.212687,-0.44843492
page768_K-14_A_c1_sym_001,page768_K-14_A_c1,-0.6324116,-0.71060604
page768_K-15_a_c0_sym_001,page768_K-15_a_c0,3.9094038,2.713079
page768_K-15_a_c0_sym_002,page768_K-15_a_c0,1.6008686,0.7474975
page768_K-15_a_c0_sym_003,page768_K-15_a_c0,1.3080722,0.6001339
page768_K-15_a_c0_sym_004,page768_K-15_a_c0,1.2109997,0.51448107
page768_K-15_a_c0_sym_005,page768_K-15_a_c0,-0.21508786,-0.44570488
page768_K-15_a_c0_sym_006,page768_K-15_a_c0,0.8987248,0.32218418
page768_K-15_a_c0_sym_007,page768_K-15_a_c0,1.2443515,0.59248906
page768_K-15_a_c0_sym_008,page768_K-15_a_c0,0.58686143,0.14343564
page768_K-15_a_c0_sym_009,page768_K-15_a_c0,0.94481057,0.31972945
page768_K-15_a_c0_sym_010,page768_K-15_a_c0,0.8471434,0.2636684
page768_K-15_a_c0_sym_011,page768_K-15_a_c0,1.3323168,0.56442845
page768_K-15_a_c0_sym_012,page768_K-15_a_c0,0.27269372,-0.15915279
page768_K-15_a_c0_sym_013,page768_K-15_a_c0,1.1715,0.51416785
page768_K-15_a_c0_sym_014,page768_K-15_a_c0,0.2679258,-0.15183175
page768_K-15_a_c0_sym_015,page768_K-15_a_c0,0.44733453,-0.02253152
page768_K-15_a_c0_sym_016,page768_K-15_a_c0,-0.56956977,-0.6855467
page768_K-15_a_c0_sym_017,page768_K-15_a_c0,2.6125774,1.7029392
page768_K-15_a_c0_sym_018,page768_K-15_a_c0,0.6371563,0.06551038
page768_K-15_a_c0_sym_019,page768_K-15_a_c0,-0.6660704,-0.726754
page768_K-15_a_c0_sym_020,page768_K-15_a_c0,0.753041,0.18597835
page768_K-15_a_c0_sym_021,page768_K-15_a_c0,0.8302768,0.2402236
page768_K-15_a_c0_sym_022,page768_K-15_a_c0,0.20754024,-0.20956585
page768_K-15_a_c0_sym_023,page768_K-15_a_c0,-0.33395973,-0.6269968
page768_K-15_a_c0_sym_024,page768_K-15_a_c0,0.079228915,-0.2868672
page768_K-15_a_c0_sym_025,page768_K-15_a_c0,0.6330508,0.085782215
page768_K-15_a_c0_sym_026,page768_K-15_a_c0,-0.034135833,-0.40528077
page768_K-15_a_c0_sym_027,page768_K-15_a_c0,0.8914189,0.27211505
page768_K-15_a_c0_sym_028,page768_K-15_a_c0,-0.46136948,-0.63234794
page768_K-15_a_c0_sym_029,page768_K-15_a_c0,0.0035470717,-0.33317637
page768_K-15_a_c0_sym_030,page768_K-15_a_c0,1.0257934,0.3786187
page768_K-15_a_c0_sym_031,page768_K-15_a_c0,0.11145884,-0.27933326
page768_K-15_a_c0_sym_032,page768_K-15_a_c0,0.9018255,0.28345722
page769_K-16_A_c0_sym_001,page769_K-16_A_c0,-0.70150965,-0.7832577
page769_K-16_A_c0_sym_002,page769_K-16_A_c0,-1.178825,-0.92557
page769_K-16_A_c0_sym_003,page769_K-16_A_c0,4.7770104,3.383455
page770_K-22_A_c0_sym_001,page770_K-22_A_c0,4.7862787,3.3614125
page770_K-23_A_c0_sym_001,page770_K-23_A_c0,1.7870779,1.076931
page770_K-23_A_c0_sym_002,page770_K-23_A_c0,-0.124404535,-0.37281927
page770_K-25_a_c0_sym_001,page770_K-25_a_c0,-0.8851993,-0.7945199
page770_K-25_a_c0_sym_002,page770_K-25_a_c0,-0.42566708,-0.5869284
page770_K-25_a_c0_sym_003,page770_K-25_a_c0,-0.2823632,-0.48521826
page770_K-25_a_c0_sym_004,page770_K-25_a_c0,0.009403217,-0.22171785
page770_K-25_a_c0_sym_005,page770_K-25_a_c0,2.2888675,1.4734193
page770_K-25_a_c0_sym_006,page770_K-25_a_c0,0.38064218,-0.075002395
page770_K-25_a_c0_sym_007,page770_K-25_a_c0,1.6459734,0.8321686
page770_K-25_a_c0_sym_008,page770_K-25_a_c0,1.2246166,0.5438107
page770_K-25_a_c0_sym_009,page770_K-25_a_c0,1.1316024,0.4884267
page770_K-25_a_c0_sym_010,page770_K-25_a_c0,1.7159995,0.86509037
page770_K-26_A_c0_sym_001,page770_K-26_A_c0,1.7870779,1.076931
page770_K-26_A_c0_sym_002,page770_K-26_A_c0,-0.124404535,-0.37281927
page771_K-31_A_c0_sym_001,page771_K-31_A_c0,4.8764157,3.4536068
page771_K-31_a_c1_sym_001,page771_K-31_a_c1,-1.0799664,-0.87613815
page771_K-31_a_c1_sym_002,page771_K-31_a_c1,-0.116956316,-0.41363624
page771_K-31_B_c3_sym_001,page771_K-31_B_c3,3.4569376,2.3327084
page771_K-31_F_c2_sym_001,page771_K-31_F_c2,-1.0799664,-0.87613815
page771_K-31_F_c2_sym_002,page771_K-31_F_c2,-0.116956316,-0.41363624
page771_K-32_c0_sym_001,page771_K-32_c0,1.0970553,0.40848958
page771_K-32_c0_sym_002,page771_K-32_c0,-0.8196679,-0.79415953
page771_K-34_a_c0_sym_001,page771_K-34_a_c0,0.15161417,-0.055567674
page771_K-34_a_c0_sym_002,page771_K-34_a_c0,0.34729725,-0.0009326442
page771_K-34_a_c0_sym_003,page771_K-34_a_c0,-0.582152,-0.65319663
page772_K-35_A_c0_sym_001,page772_K-35_A_c0,-1.2006162,-0.9868692
page772_K-37_A_c0_sym_001,page772_K-37_A_c0,-1.2006162,-0.9868692
page772_K-39_A_c0_sym_001,page772_K-39_A_c0,-1.2006162,-0.9868692
page772_K-39_B_c1_sym_001,page772_K-39_B_c1,-1.2006162,-0.9868692
page772_K-39_C_c0_sym_001,page772_K-39_C_c0,-1.2006162,-0.9868692
page773_K-45_A_c0_sym_001,page773_K-45_A_c0,-0.8512652,-0.7600947
page773_K-46_A_c0_sym_001,page773_K-46_A_c0,-0.8512652,-0.7600947
page774_K-49_A_c0_sym_001,page774_K-49_A_c0,1.1521095,0.48023695
page774_K-50_a_c0_sym_001,page774_K-50_a_c0,1.1521095,0.48023695
page774_K-50_B_c1_sym_001,page774_K-50_B_c1,1.1521095,0.48023695
page774_K-50_C_c0_sym_001,page774_K-50_C_c0,1.1521095,0.48023695
page774_K-51_A_c0_sym_001,page774_K-51_A_c0,1.1521095,0.48023695
page774_K-51_a_c1_sym_001,page774_K-51_a_c1,1.1521095,0.48023695
page775_K-52_A_bis_c1_sym_001,page775_K-52_A_bis_c1,4.205217,2.8883846
page775_K-54_B_c1_sym_001,page775_K-54_B_c1,0.8098415,0.29455706
page775_K-54_B_c1_sym_002,page775_K-54_B_c1,-0.24076107,-0.45018113
page775_K-55_B_c3_sym_001,page775_K-55_B_c3,-0.51928496,-0.6679231
page776_K-58_D_c1_sym_001,page776_K-58_D_c1,1.0816977,0.4431864
page777_K-60_E_c0_sym_001,page777_K-60_E_c0,0.4505634,0.031046418
page777_K-60_E_c0_sym_002,page777_K-60_E_c0,2.034692,1.3237393
page777_K-60_E_c0_sym_003,page777_K-60_E_c0,0.09568983,-0.29860923
page777_K-60_E_c0_sym_004,page777_K-60_E_c0,2.4724271,1.6299385
page777_K-61_a_c1_sym_001,page777_K-61_a_c1,0.4505634,0.031046418
page777_K-61_a_c1_sym_002,page777_K-61_a_c1,2.034692,1.3237393
page777_K-61_a_c1_sym_003,page777_K-61_a_c1,0.09568983,-0.29860923
page777_K-61_a_c1_sym_004,page777_K-61_a_c1,2.4724271,1.6299385
page777_K-61_B_c2_sym_001,page777_K-61_B_c2,0.4505634,0.031046418
page777_K-61_B_c2_sym_002,page777_K-61_B_c2,2.034692,1.3237393
page777_K-61_B_c2_sym_003,page777_K-61_B_c2,0.09568983,-0.29860923
page777_K-61_B_c2_sym_004,page777_K-61_B_c2,2.4724271,1.6299385
page777_K-62_A_c0_sym_001,page777_K-62_A_c0,-0.12516779,-0.4590745
page777_K-62_A_c0_sym_002,page777_K-62_A_c0,-0.16204527,-0.2972952
page777_K-62_A_c0_sym_003,page777_K-62_A_c0,-0.13057451,-0.28067738
page777_K-62_A_c0_sym_004,page777_K-62_A_c0,-0.9529114,-1.0614403
page777_K-62_C_c0_sym_001,page777_K-62_C_c0,-0.12516779,-0.4590745
page777_K-62_C_c0_sym_002,page777_K-62_C_c0,-0.16204527,-0.2972952
page777_K-62_C_c0_sym_003,page777_K-62_C_c0,-0.13057451,-0.28067738
page777_K-62_C_c0_sym_004,page777_K-62_C_c0,-0.9529114,-1.0614403
page777_K-62_n_c1_sym_001,page777_K-62_n_c1,0.4505634,0.031046418
page777_K-62_n_c1_sym_002,page777_K-62_n_c1,2.034692,1.3237393
page777_K-62_n_c1_sym_003,page777_K-62_n_c1,0.09568983,-0.29860923
page777_K-62_n_c1_sym_004,page777_K-62_n_c1,2.4724271,1.6299385
page777_K-63_C_c0_sym_001,page777_K-63_C_c0,-1.3831917,-0.97782964
page778_K-65_A_c2_sym_001,page778_K-65_A_c2,0.65007573,0.09999494
page778_K-65_A_c2_sym_002,page778_K-65_A_c2,0.82572407,0.26115555
page778_K-65_A_c2_sym_003,page778_K-65_A_c2,1.2789925,0.5635322
page778_K-65_A_c3_sym_001,page778_K-65_A_c3,0.65007573,0.09999494
page778_K-65_A_c3_sym_002,page778_K-65_A_c3,0.82572407,0.26115555
page778_K-65_A_c3_sym_003,page778_K-65_A_c3,1.2789925,0.5635322
page779_K-66_A_c0_sym_001,page779_K-66_A_c0,-1.0494665,-1.1193755
page779_K-66_A_c0_sym_002,page779_K-66_A_c0,0.83903986,0.31165183
page779_K-66_A_c0_sym_003,page779_K-66_A_c0,1.2650317,0.59404576
page779_K-66_A_c0_sym_004,page779_K-66_A_c0,-0.03592276,-0.38543835
page779_K-66_A_c0_sym_005,page779_K-66_A_c0,0.8439743,0.24384563
page779_K-66_A_c0_sym_006,page779_K-66_A_c0,-1.0988686,-1.1206353
page779_K-66_A_c0_sym_007,page779_K-66_A_c0,-0.6610941,-0.72354466
page779_K-66_A_c0_sym_008,page779_K-66_A_c0,-0.37914094,-0.59743214
page779_K-66_A_c0_sym_009,page779_K-66_A_c0,0.4055366,-0.0653621
page779_K-66_A_c0_sym_010,page779_K-66_A_c0,-5.510334,3.894733
page779_K-66_A_c0_sym_011,page779_K-66_A_c0,-2.9363568,-1.2949138
page779_K-66_A_c0_sym_012,page779_K-66_A_c0,-2.9231758,-1.2835932
page779_K-66_A_c0_sym_013,page779_K-66_A_c0,-2.921054,-1.2918602
page779_K-66_A_c0_sym_014,page779_K-66_A_c0,-2.3566208,-1.0785315
page779_K-66_A_c0_sym_015,page779_K-66_A_c0,-1.7412199,-1.197968
page779_K-66_A_c0_sym_016,page779_K-66_A_c0,-3.412184,-0.5472654
page779_K-66_A_c0_sym_017,page779_K-66_A_c0,-1.7475655,-1.1993654
page779_K-67_A_c0_sym_001,page779_K-67_A_c0,-1.0494665,-1.1193755
page779_K-67_A_c0_sym_002,page779_K-67_A_c0,0.83903986,0.31165183
page779_K-67_A_c0_sym_003,page779_K-67_A_c0,1.2650317,0.59404576
page779_K-67_A_c0_sym_004,page779_K-67_A_c0,-0.03592276,-0.38543835
page779_K-67_A_c0_sym_005,page779_K-67_A_c0,0.8439743,0.24384563
page779_K-67_A_c0_sym_006,page779_K-67_A_c0,-1.0988686,-1.1206353
page779_K-67_A_c0_sym_007,page779_K-67_A_c0,-0.6610941,-0.72354466
page779_K-67_A_c0_sym_008,page779_K-67_A_c0,-0.37914094,-0.59743214
page779_K-67_A_c0_sym_009,page779_K-67_A_c0,0.4055366,-0.0653621
page779_K-67_A_c0_sym_010,page779_K-67_A_c0,-5.510334,3.894733
page779_K-67_A_c0_sym_011,page779_K-67_A_c0,-2.9363568,-1.2949138
page779_K-67_A_c0_sym_012,page779_K-67_A_c0,-2.9231758,-1.2835932
page779_K-67_A_c0_sym_013,page779_K-67_A_c0,-2.921054,-1.2918602
page779_K-67_A_c0_sym_014,page779_K-67_A_c0,-2.3566208,-1.0785315
page779_K-67_A_c0_sym_015,page779_K-67_A_c0,-1.7412199,-1.197968
page779_K-67_A_c0_sym_016,page779_K-67_A_c0,-3.412184,-0.5472654
page779_K-67_A_c0_sym_017,page779_K-67_A_c0,-1.7475655,-1.1993654
page779_K-67_B_c0_sym_001,page779_K-67_B_c0,-1.0494665,-1.1193755
page779_K-67_B_c0_sym_002,page779_K-67_B_c0,0.83903986,0.31165183
page779_K-67_B_c0_sym_003,page779_K-67_B_c0,1.2650317,0.59404576
page779_K-67_B_c0_sym_004,page779_K-67_B_c0,-0.03592276,-0.38543835
page779_K-67_B_c0_sym_005,page779_K-67_B_c0,0.8439743,0.24384563
page779_K-67_B_c0_sym_006,page779_K-67_B_c0,-1.0988686,-1.1206353
page779_K-67_B_c0_sym_007,page779_K-67_B_c0,-0.6610941,-0.72354466
page779_K-67_B_c0_sym_008,page779_K-67_B_c0,-0.37914094,-0.59743214
page779_K-67_B_c0_sym_009,page779_K-67_B_c0,0.4055366,-0.0653621
page779_K-67_B_c0_sym_010,page779_K-67_B_c0,-5.510334,3.894733
page779_K-67_B_c0_sym_011,page779_K-67_B_c0,-2.9363568,-1.2949138
page779_K-67_B_c0_sym_012,page779_K-67_B_c0,-2.9231758,-1.2835932
page779_K-67_B_c0_sym_013,page779_K-67_B_c0,-2.921054,-1.2918602
page779_K-67_B_c0_sym_014,page779_K-67_B_c0,-2.3566208,-1.0785315
page779_K-67_B_c0_sym_015,page779_K-67_B_c0,-1.7412199,-1.197968
page779_K-67_B_c0_sym_016,page779_K-67_B_c0,-3.412184,-0.5472654
page779_K-67_B_c0_sym_017,page779_K-67_B_c0,-1.7475655,-1.1993654
page779_K-67_E_c1_sym_001,page779_K-67_E_c1,-1.0494665,-1.1193755
page779_K-67_E_c1_sym_002,page779_K-67_E_c1,0.83903986,0.31165183
page779_K-67_E_c1_sym_003,page779_K-67_E_c1,1.2650317,0.59404576
page779_K-67_E_c1_sym_004,page779_K-67_E_c1,-0.03592276,-0.38543835
page779_K-67_E_c1_sym_005,page779_K-67_E_c1,0.8439743,0.24384563
page779_K-67_E_c1_sym_006,page779_K-67_E_c1,-1.0988686,-1.1206353
page779_K-67_E_c1_sym_007,page779_K-67_E_c1,-0.6610941,-0.72354466
page779_K-67_E_c1_sym_008,page779_K-67_E_c1,-0.37914094,-0.59743214
page779_K-67_E_c1_sym_009,page779_K-67_E_c1,0.4055366,-0.0653621
page779_K-67_E_c1_sym_010,page779_K-67_E_c1,-5.510334,3.894733
page779_K-67_E_c1_sym_011,page779_K-67_E_c1,-2.9363568,-1.2949138
page779_K-67_E_c1_sym_012,page779_K-67_E_c1,-2.9231758,-1.2835932
page779_K-67_E_c1_sym_013,page779_K-67_E_c1,-2.921054,-1.2918602
page779_K-67_E_c1_sym_014,page779_K-67_E_c1,-2.3566208,-1.0785315
page779_K-67_E_c1_sym_015,page779_K-67_E_c1,-1.7412199,-1.197968
page779_K-67_E_c1_sym_016,page779_K-67_E_c1,-3.412184,-0.5472654
page779_K-67_E_c1_sym_017,page779_K-67_E_c1,-1.7475655,-1.1993654
page779_K-69_A_c0_sym_001,page779_K-69_A_c0,-1.0494665,-1.1193755
page779_K-69_A_c0_sym_002,page779_K-69_A_c0,0.83903986,0.31165183
page779_K-69_A_c0_sym_003,page779_K-69_A_c0,1.2650317,0.59404576
page779_K-69_A_c0_sym_004,page779_K-69_A_c0,-0.03592276,-0.38543835
page779_K-69_A_c0_sym_005,page779_K-69_A_c0,0.8439743,0.24384563
page779_K-69_A_c0_sym_006,page779_K-69_A_c0,-1.0988686,-1.1206353
page779_K-69_A_c0_sym_007,page779_K-69_A_c0,-0.6610941,-0.72354466
page779_K-69_A_c0_sym_008,page779_K-69_A_c0,-0.37914094,-0.59743214
page779_K-69_A_c0_sym_009,page779_K-69_A_c0,0.4055366,-0.0653621
page779_K-69_A_c0_sym_010,page779_K-69_A_c0,-5.510334,3.894733
page779_K-69_A_c0_sym_011,page779_K-69_A_c0,-2.9363568,-1.2949138
page779_K-69_A_c0_sym_012,page779_K-69_A_c0,-2.9231758,-1.2835932
page779_K-69_A_c0_sym_013,page779_K-69_A_c0,-2.921054,-1.2918602
page779_K-69_A_c0_sym_014,page779_K-69_A_c0,-2.3566208,-1.0785315
page779_K-69_A_c0_sym_015,page779_K-69_A_c0,-1.7412199,-1.197968
page779_K-69_A_c0_sym_016,page779_K-69_A_c0,-3.412184,-0.5472654
page779_K-69_A_c0_sym_017,page779_K-69_A_c0,-1.7475655,-1.1993654
page779_K-70_A_c0_sym_001,page779_K-70_A_c0,-1.0494665,-1.1193755
page779_K-70_A_c0_sym_002,page779_K-70_A_c0,0.83903986,0.31165183
page779_K-70_A_c0_sym_003,page779_K-70_A_c0,1.2650317,0.59404576
page779_K-70_A_c0_sym_004,page779_K-70_A_c0,-0.03592276,-0.38543835
page779_K-70_A_c0_sym_005,page779_K-70_A_c0,0.8439743,0.24384563
page779_K-70_A_c0_sym_006,page779_K-70_A_c0,-1.0988686,-1.1206353
page779_K-70_A_c0_sym_007,page779_K-70_A_c0,-0.6610941,-0.72354466
page779_K-70_A_c0_sym_008,page779_K-70_A_c0,-0.37914094,-0.59743214
page779_K-70_A_c0_sym_009,page779_K-70_A_c0,0.4055366,-0.0653621
page779_K-70_A_c0_sym_010,page779_K-70_A_c0,-5.510334,3.894733
page779_K-70_A_c0_sym_011,page779_K-70_A_c0,-2.9363568,-1.2949138
page779_K-70_A_c0_sym_012,page779_K-70_A_c0,-2.9231758,-1.2835932
page779_K-70_A_c0_sym_013,page779_K-70_A_c0,-2.921054,-1.2918602
page779_K-70_A_c0_sym_014,page779_K-70_A_c0,-2.3566208,-1.0785315
page779_K-70_A_c0_sym_015,page779_K-70_A_c0,-1.7412199,-1.197968
page779_K-70_A_c0_sym_016,page779_K-70_A_c0,-3.412184,-0.5472654
page779_K-70_A_c0_sym_017,page779_K-70_A_c0,-1.7475655,-1.1993654
page779_K-70_B_c0_sym_001,page779_K-70_B_c0,-1.0494665,-1.1193755
page779_K-70_B_c0_sym_002,page779_K-70_B_c0,0.83903986,0.31165183
page779_K-70_B_c0_sym_003,page779_K-70_B_c0,1.2650317,0.59404576
page779_K-70_B_c0_sym_004,page779_K-70_B_c0,-0.03592276,-0.38543835
page779_K-70_B_c0_sym_005,page779_K-70_B_c0,0.8439743,0.24384563
page779_K-70_B_c0_sym_006,page779_K-70_B_c0,-1.0988686,-1.1206353
page779_K-70_B_c0_sym_007,page779_K-70_B_c0,-0.6610941,-0.72354466
page779_K-70_B_c0_sym_008,page779_K-70_B_c0,-0.37914094,-0.59743214
page779_K-70_B_c0_sym_009,page779_K-70_B_c0,0.4055366,-0.0653621
page779_K-70_B_c0_sym_010,page779_K-70_B_c0,-5.510334,3.894733
page779_K-70_B_c0_sym_011,page779_K-70_B_c0,-2.9363568,-1.2949138
page779_K-70_B_c0_sym_012,page779_K-70_B_c0,-2.9231758,-1.2835932
page779_K-70_B_c0_sym_013,page779_K-70_B_c0,-2.921054,-1.2918602
page779_K-70_B_c0_sym_014,page779_K-70_B_c0,-2.3566208,-1.0785315
page779_K-70_B_c0_sym_015,page779_K-70_B_c0,-1.7412199,-1.197968
page779_K-70_B_c0_sym_016,page779_K-70_B_c0,-3.412184,-0.5472654
page779_K-70_B_c0_sym_017,page779_K-70_B_c0,-1.7475655,-1.1993654
page780_K-73_A_c0_sym_001,page780_K-73_A_c0,-1.0460436,-1.0520796
page780_K-75_A_c0_sym_001,page780_K-75_A_c0,-1.0460436,-1.0520796
page781_A-2_c0_sym_001,page781_A-2_c0,-1.7393565,-1.1985986
page781_K-78_B_c0_sym_001,page781_K-78_B_c0,1.9268227,1.209567
page781_K-79_A_c0_sym_001,page781_K-79_A_c0,-1.7393565,-1.1985986
page781_K-81_B_c0_sym_001,page781_K-81_B_c0,-1.7393565,-1.1985986
page784_K-88_A_c0_sym_001,page784_K-88_A_c0,-1.0265806,-1.1156309
page784_K-88_B_c0_sym_001,page784_K-88_B_c0,0.5429345,0.056331053
page784_K-88_B_c0_sym_002,page784_K-88_B_c0,-1.0839801,-1.1241854
page784_K-88_B_c0_sym_003,page784_K-88_B_c0,-1.7956259,-1.203812
page790_K-117_A_c1_sym_001,page790_K-117_A_c1,-1.7805417,-1.1150521
page793_K-122_A__2__c0_sym_001,page793_K-122_A__2__c0,-3.4039907,-1.4141084
page793_K-122_A__2__c0_sym_002,page793_K-122_A__2__c0,-1.0194305,-1.1145132
page793_K-122_A_c0_sym_001,page793_K-122_A_c0,-3.4039907,-1.4141084
page793_K-122_A_c0_sym_002,page793_K-122_A_c0,-1.0194305,-1.1145132
page794_C-1_A_c0_sym_001,page794_C-1_A_c0,-0.49743775,-0.49775675
page794_C-1_A_c0_sym_002,page794_C-1_A_c0,0.9137904,0.32588774
page794_C-1_A_c0_sym_003,page794_C-1_A_c0,-0.14820187,-0.39434576
page794_C-1_A_c0_sym_004,page794_C-1_A_c0,-3.090788,-1.3015903
page794_C-1_A_c0_sym_005,page794_C-1_A_c0,-1.8015945,-1.2042975
page794_C-1_A_c0_sym_006,page794_C-1_A_c0,5.2380834,3.7595778
page794_C-1_A_c0_sym_007,page794_C-1_A_c0,0.7745381,0.44962913
page794_C-1_A_c0_sym_008,page794_C-1_A_c0,0.9920423,0.38914967
page794_C-1_A_c0_sym_009,page794_C-1_A_c0,-3.4199023,-1.3925225
page794_C-1_A_c0_sym_010,page794_C-1_A_c0,1.9526736,1.1024702
page794_C-1_A_c0_sym_011,page794_C-1_A_c0,-1.947805,-1.2417464
page794_C-1_A_c0_sym_012,page794_C-1_A_c0,-0.82919794,-0.63572365
page794_C-1_A_c0_sym_013,page794_C-1_A_c0,-0.03373458,-0.24718802
page794_C-1_A_c0_sym_014,page794_C-1_A_c0,-11.008981,7.4967785
page794_C-1_A_c0_sym_015,page794_C-1_A_c0,-0.20017226,-0.3980603
page794_C-1_A_c0_sym_016,page794_C-1_A_c0,0.18007645,-0.15025201
page794_C-1_A_c0_sym_017,page794_C-1_A_c0,-3.0401528,-1.3944817
page794_C-1_A_c0_sym_018,page794_C-1_A_c0,2.1346507,1.3077652
page794_C-1_A_c0_sym_019,page794_C-1_A_c0,-6.589398,0.6515267
page794_C-1_A_c0_sym_020,page794_C-1_A_c0,0.024756776,-0.25715068
page794_C-1_A_c0_sym_021,page794_C-1_A_c0,0.95052636,0.37517893
page794_C-1_A_c0_sym_022,page794_C-1_A_c0,-1.132554,-1.1138481
page794_C-1_A_c0_sym_023,page794_C-1_A_c0,1.8506929,1.1018908
page794_C-1_A_c0_sym_024,page794_C-1_A_c0,0.20508423,-0.17379448
page794_C-1_A_c0_sym_025,page794_C-1_A_c0,-2.5596397,-1.3930894
page794_C-1_A_c0_sym_026,page794_C-1_A_c0,-1.3533343,-1.158621
page794_C-1_A_c0_sym_027,page794_C-1_A_c0,-0.28803524,-0.4537389
page794_C-1_A_c0_sym_028,page794_C-1_A_c0,-1.0349734,-1.1169451
page794_C-1_A_c0_sym_029,page794_C-1_A_c0,-3.3562,-1.292966
page794_C-1_A_c0_sym_030,page794_C-1_A_c0,-3.4151912,-1.298597
page794_C-1_A_c0_sym_031,page794_C-1_A_c0,-1.5155026,-1.1763654
page794_C-1_A_c0_sym_032,page794_C-1_A_c0,-1.0250616,-1.1154265
page794_C-1_A_c0_sym_033,page794_C-1_A_c0,-6.0128984,1.6983918
page794_C-1_A_c0_sym_034,page794_C-1_A_c0,-3.4007115,-1.2959843
page794_C-1_A_c0_sym_035,page794_C-1_A_c0,-1.383255,-1.0763884
page794_C-1_A_c0_sym_036,page794_C-1_A_c0,-1.457016,-1.1190094
page794_C-1_A_c0_sym_037,page794_C-1_A_c0,-1.0250616,-1.1154265
page794_C-1_A_c0_sym_038,page794_C-1_A_c0,-3.4444828,-1.2984186
page794_C-1_A_c0_sym_039,page794_C-1_A_c0,-3.5546458,-1.296315
page794_C-1_A_c0_sym_040,page794_C-1_A_c0,-1.0250616,-1.1154265
page794_C-1_A_c0_sym_041,page794_C-1_A_c0,-1.9343705,-1.2155117
page794_C-1_A_c0_sym_042,page794_C-1_A_c0,-3.4361856,-1.2557794
page794_C-1_A_c0_sym_043,page794_C-1_A_c0,-5.258791,0.29262534
page794_C-1_A_c0_sym_044,page794_C-1_A_c0,-1.8693664,-1.181637
page794_C-1_A_c0_sym_045,page794_C-1_A_c0,-1.417925,-1.0767189
page794_C-1_A_c0_sym_046,page794_C-1_A_c0,-1.9148676,-1.213802
page794_C-1_A_c0_sym_047,page794_C-1_A_c0,-1.8076187,-1.1340239
page794_C-1_A_c0_sym_048,page794_C-1_A_c0,-1.9130619,-1.2108701
page794_C-1_A_c0_sym_049,page794_C-1_A_c0,-1.5520332,-1.180158
page794_C-1_A_c0_sym_050,page794_C-1_A_c0,-3.4581854,-1.2963305
page794_C-1_A_c0_sym_051,page794_C-1_A_c0,-1.4404206,-1.0829844
page794_C-1_A_c0_sym_052,page794_C-1_A_c0,-5.6714644,0.7136688
page794_C-1_A_c0_sym_053,page794_C-1_A_c0,-4.1136856,-0.41626784
page795_C-3_A_c0_sym_001,page795_C-3_A_c0,-0.53765833,-0.7356742
page795_C-3_A_c0_sym_002,page795_C-3_A_c0,2.5515625,1.6778764
page795_C-3_A_c0_sym_003,page795_C-3_A_c0,-1.0336831,-1.1167516
page795_C-3_A_c0_sym_004,page795_C-3_A_c0,-0.37739995,-0.6397296
page795_C-3_A_c0_sym_005,page795_C-3_A_c0,-0.51600397,-0.7288559
page795_C-3_A_c0_sym_006,page795_C-3_A_c0,0.4797849,-0.020622846
page795_C-3_A_c0_sym_007,page795_C-3_A_c0,-1.045944,-1.1186526
page795_C-3_A_c0_sym_008,page795_C-3_A_c0,0.83757704,0.31803864
page795_C-3_A_c0_sym_009,page795_C-3_A_c0,-1.0324346,-1.1166217
page795_C-3_A_c0_sym_010,page795_C-3_A_c0,1.2606909,0.5606663
page795_C-3_A_c0_sym_011,page795_C-3_A_c0,0.30620757,-0.11499095
page795_C-3_A_c0_sym_012,page795_C-3_A_c0,0.82250506,0.25683552
page795_C-3_A_c0_sym_013,page795_C-3_A_c0,2.6660023,1.7200431
page795_C-3_A_c0_sym_014,page795_C-3_A_c0,-1.0286273,-1.1160038
page795_C-3_A_c0_sym_015,page795_C-3_A_c0,-0.94493014,-1.0464263
page795_C-3_A_c0_sym_016,page795_C-3_A_c0,-0.22128811,-0.48634174
page795_C-3_A_c0_sym_017,page795_C-3_A_c0,1.1848356,0.52578455
page795_C-3_A_c0_sym_018,page795_C-3_A_c0,0.21182169,-0.16294213
page795_C-3_A_c0_sym_019,page795_C-3_A_c0,-1.0440879,-1.1101671
page795_C-3_A_c0_sym_020,page795_C-3_A_c0,-2.0537658,-1.6680007
page795_C-3_A_c0_sym_021,page795_C-3_A_c0,0.68205243,0.21430387
page795_C-3_A_c0_sym_022,page795_C-3_A_c0,1.2349194,0.57118
page795_C-3_A_c0_sym_023,page795_C-3_A_c0,1.2836525,0.6970601
page795_C-3_A_c0_sym_024,page795_C-3_A_c0,-5.4050517,-1.521401
page795_C-3_A_c0_sym_025,page795_C-3_A_c0,-1.922317,-1.2394267
page795_C-3_A_c0_sym_026,page795_C-3_A_c0,-0.33542275,-0.5838071
page795_C-3_A_c0_sym_027,page795_C-3_A_c0,2.4176695,1.5133457
page795_C-3_A_c0_sym_028,page795_C-3_A_c0,0.54765177,0.0045920415
page795_C-3_A_c0_sym_029,page795_C-3_A_c0,-1.0484576,-1.1191901
page795_C-3_A_c0_sym_030,page795_C-3_A_c0,-1.0432677,-1.1183102
page795_C-3_A_c0_sym_031,page795_C-3_A_c0,1.248629,0.54144996
page795_C-3_A_c0_sym_032,page795_C-3_A_c0,-1.0388784,-1.1175888
page795_C-3_A_c0_sym_033,page795_C-3_A_c0,-0.00073853304,-0.38941726
page795_C-3_A_c0_sym_034,page795_C-3_A_c0,-1.0321503,-1.1165582
page795_C-3_A_c0_sym_035,page795_C-3_A_c0,1.0885038,0.43847814
page795_C-3_A_c0_sym_036,page795_C-3_A_c0,-0.27049392,-0.53225523
page795_C-3_A_c0_sym_037,page795_C-3_A_c0,-0.16456711,-0.513714
page795_C-3_A_c0_sym_038,page795_C-3_A_c0,-1.0367084,-1.1045971
page795_C-3_A_c0_sym_039,page795_C-3_A_c0,-1.0461804,-1.118688
page795_C-3_A_c0_sym_040,page795_C-3_A_c0,-0.14023246,-0.43858728
page795_C-3_A_c0_sym_041,page795_C-3_A_c0,2.1030936,1.2938302
page795_C-3_A_c0_sym_042,page795_C-3_A_c0,0.4952949,0.09279773
page795_C-3_A_c0_sym_043,page795_C-3_A_c0,0.464485,-0.018504681
page795_C-3_A_c0_sym_044,page795_C-3_A_c0,1.0502913,0.5197961
page795_C-3_A_c0_sym_045,page795_C-3_A_c0,0.07691344,-0.30501935
page795_C-3_A_c0_sym_046,page795_C-3_A_c0,-0.31036496,-0.5380135
page795_C-3_A_c0_sym_047,page795_C-3_A_c0,0.4913546,0.0057476787
page795_C-3_A_c0_sym_048,page795_C-3_A_c0,-1.012252,-1.0995082
page795_C-3_A_c0_sym_049,page795_C-3_A_c0,-0.242092,-0.5244335
page795_C-3_A_c0_sym_050,page795_C-3_A_c0,0.07560316,-0.30341473
page795_C-3_A_c0_sym_051,page795_C-3_A_c0,-1.0325994,-1.1166466
page795_C-3_A_c0_sym_052,page795_C-3_A_c0,0.905293,0.31067318
page795_C-3_A_c0_sym_053,page795_C-3_A_c0,-2.0090365,-1.1328459
page795_C-3_A_c0_sym_054,page795_C-3_A_c0,-1.0235546,-1.115182
page795_C-3_A_c0_sym_055,page795_C-3_A_c0,-4.4924364,-0.8995867
page795_C-3_A_c0_sym_056,page795_C-3_A_c0,-4.9944873,1.3292758
page797_C-10_A_c1_sym_001,page797_C-10_A_c1,1.1558979,0.5701092
page797_C-10_A_c1_sym_002,page797_C-10_A_c1,0.666586,0.18509892
page797_C-10_A_c1_sym_003,page797_C-10_A_c1,1.1805186,0.60203487
page797_C-10_A_c1_sym_004,page797_C-10_A_c1,2.2793627,1.3869755
page797_C-10_A_c1_sym_005,page797_C-10_A_c1,2.3342352,1.4793226
page797_C-10_A_c1_sym_006,page797_C-10_A_c1,0.37025836,-0.06894466
page797_C-10_A_c1_sym_007,page797_C-10_A_c1,1.1294858,0.45982325
page797_C-10_A_c1_sym_008,page797_C-10_A_c1,1.2626512,0.52915543
page797_C-10_A_c1_sym_009,page797_C-10_A_c1,-0.12975226,-0.43845242
page797_C-10_A_c1_sym_010,page797_C-10_A_c1,1.2226052,0.5464331
page797_C-10_A_c1_sym_011,page797_C-10_A_c1,1.5805304,0.7970407
page797_C-10_A_c1_sym_012,page797_C-10_A_c1,0.7152939,0.15641147
page797_C-10_A_c1_sym_013,page797_C-10_A_c1,1.0496444,0.3934501
page797_C-10_A_c1_sym_014,page797_C-10_A_c1,1.6262476,0.82759935
page797_C-10_A_c1_sym_015,page797_C-10_A_c1,0.902315,0.29871795
page797_C-10_A_c1_sym_016,page797_C-10_A_c1,-0.19076744,-0.43843997
page797_C-10_A_c1_sym_017,page797_C-10_A_c1,0.55384547,0.054920085
page797_C-10_A_c1_sym_018,page797_C-10_A_c1,2.0128796,1.0994437
page797_C-10_A_c1_sym_019,page797_C-10_A_c1,1.8080763,0.9514409
page797_C-10_A_c1_sym_020,page797_C-10_A_c1,1.4286101,0.76956034
page797_C-10_A_c1_sym_021,page797_C-10_A_c1,0.987038,0.35369056
page797_C-10_A_c1_sym_022,page797_C-10_A_c1,-0.47776642,-0.62687814
page797_C-8_a_c0_sym_001,page797_C-8_a_c0,3.2716901,2.2045443
page798_C-13_c1_sym_001,page798_C-13_c1,0.74538106,0.15193543
page798_C-13_c1_sym_002,page798_C-13_c1,0.93392676,0.33847523
page798_C-15_a_bis_c0_sym_001,page798_C-15_a_bis_c0,0.74538106,0.15193543
page798_C-15_a_bis_c0_sym_002,page798_C-15_a_bis_c0,0.93392676,0.33847523
page800_C-26_A_c0_sym_001,page800_C-26_A_c0,0.20723438,-0.18401194
page800_C-26_A_c0_sym_002,page800_C-26_A_c0,1.1249648,0.4591658
page800_C-26_B_c0_sym_001,page800_C-26_B_c0,1.5838094,0.98025936
page801_C-27_a_c0_sym_001,page801_C-27_a_c0,3.4334784,2.3124654
page801_C-29_A_c0_sym_001,page801_C-29_A_c0,-0.76533914,-0.83357376
page801_C-30_A_c0_sym_001,page801_C-30_A_c0,3.4334784,2.3124654
page801_C-31_c1_sym_001,page801_C-31_c1,-1.1546834,-1.1362936
page802_C-32_A_c0_sym_001,page802_C-32_A_c0,-0.64093065,-0.68894273
page808_C-45_A_bis_c0_sym_001,page808_C-45_A_bis_c0,-0.8121261,-0.8486029
page808_C-45_A_bis_c0_sym_002,page808_C-45_A_bis_c0,3.459018,2.3622034
page808_C-45_B_c0_sym_001,page808_C-45_B_c0,3.8228247,2.653432
page810_C-50_B_c2_sym_001,page810_C-50_B_c2,-0.13376026,-0.45999357
page810_C-50_B_c2_sym_002,page810_C-50_B_c2,0.019355502,-0.357655
page810_C-50_B_c2_sym_003,page810_C-50_B_c2,0.16897485,-0.21875843
page810_C-50_B_c2_sym_004,page810_C-50_B_c2,3.8681176,2.6210554
page810_C-50_b_c3_sym_001,page810_C-50_b_c3,1.3083552,0.63405114
page810_C-50_b_c3_sym_002,page810_C-50_b_c3,3.793976,2.5877273
page811_B-2_a_c1_sym_001,page811_B-2_a_c1,0.21864842,-0.15175153
page811_B-6_a_c1_sym_001,page811_B-6_a_c1,0.21864842,-0.15175153
page812_B-12_a_c1_sym_001,page812_B-12_a_c1,-0.9233458,-0.6829911
page812_B-12_B_c0_sym_001,page812_B-12_B_c0,-0.5243164,-0.54897285
page812_B-12_c0_sym_001,page812_B-12_c0,-0.9233458,-0.6829911
page812_B-12_D_c1_sym_001,page812_B-12_D_c1,-0.9233458,-0.6829911
page812_B-14_A_c0_sym_001,page812_B-14_A_c0,-0.9233458,-0.6829911
page812_B-8_B_c0_sym_001,page812_B-8_B_c0,-0.5243164,-0.54897285
page812_B-9_a_c1_sym_001,page812_B-9_a_c1,-0.9233458,-0.6829911
page812_B-9_D_c0_sym_001,page812_B-9_D_c0,0.061012745,-0.27676558
page812_B-9_D_c0_sym_002,page812_B-9_D_c0,0.012104413,-0.29342678
page812_B-9_D_c0_sym_003,page812_B-9_D_c0,-0.9337694,-0.85362816
page814_B-23_A__2__c0_sym_001,page814_B-23_A__2__c0,0.102972254,-0.21758011
page815_B-24_B_c1_sym_001,page815_B-24_B_c1,-0.83438456,-0.8863069
page815_B-24_F_c0_sym_001,page815_B-24_F_c0,-0.83438456,-0.8863069
page815_B-25_C_c0_sym_001,page815_B-25_C_c0,0.090121955,-0.23202974
page815_B-26_B_c1_sym_001,page815_B-26_B_c1,0.090121955,-0.23202974
page815_B-27_A_c2_sym_001,page815_B-27_A_c2,0.090121955,-0.23202974
page816_B-34_A_c1_sym_001,page816_B-34_A_c1,2.9710674,1.9547718
page818_H-1_A_c0_sym_001,page818_H-1_A_c0,-1.1332952,-0.99429816
page818_H-2_A_c0_sym_001,page818_H-2_A_c0,-1.1332952,-0.99429816
page819_D-1_a_c0_sym_001,page819_D-1_a_c0,-0.9752467,-0.8988301
page819_D-2_A_c0_sym_001,page819_D-2_A_c0,-0.33058026,-0.5518842
page819_D-2_C_c1_sym_001,page819_D-2_C_c1,1.7941318,1.0399487
page819_D-3_A_c0_sym_001,page819_D-3_A_c0,3.719451,2.5462172
page819_D-3_B_c1_sym_001,page819_D-3_B_c1,3.2141194,2.118487
page819_D-3_D_c0_sym_001,page819_D-3_D_c0,-0.33058026,-0.5518842
page819_D-3_E_c1_sym_001,page819_D-3_E_c1,-0.33058026,-0.5518842
page822_P-2_a_c1_sym_001,page822_P-2_a_c1,0.920471,0.4553751
page822_P-2_C_c1_sym_001,page822_P-2_C_c1,0.920471,0.4553751
page822_V-1_a_c0_sym_001,page822_V-1_a_c0,-1.9201851,-1.1387281
page824_H-1_A_c0_sym_001,page824_H-1_A_c0,-3.9191046,-1.4619597
page824_S-1_C_c0_sym_001,page824_S-1_C_c0,-3.9191046,-1.4619597
page824_S-2_a_c0_sym_001,page824_S-2_a_c0,2.372632,1.5482894
page824_S-2_C_c1_sym_001,page824_S-2_C_c1,1.7020078,1.0783923
page827_P-1_A_c0_sym_001,page827_P-1_A_c0,-1.6614257,-1.1331943
page827_P-2_A_c1_sym_001,page827_P-2_A_c1,-8.450879,3.4691408
page827_P-2_A_c1_sym_002,page827_P-2_A_c1,-5.153848,-1.474861
page827_P-2_A_c1_sym_003,page827_P-2_A_c1,1.5116866,0.88072056
page827_P-2_A_c1_sym_004,page827_P-2_A_c1,-4.1270595,-1.3314917
page827_P-2_A_c1_sym_005,page827_P-2_A_c1,-4.058514,-1.2539543
page827_P-2_A_c1_sym_006,page827_P-2_A_c1,-4.206279,-1.202144
page827_P-2_A_c1_sym_007,page827_P-2_A_c1,-5.2922554,-0.2693185
page827_P-2_A_c1_sym_008,page827_P-2_A_c1,3.023426,1.9839818
page829_D-1_A_c0_sym_001,page829_D-1_A_c0,-1.2147472,-0.9685545
page829_D-1_A_c0_sym_002,page829_D-1_A_c0,3.761723,2.5719697
page829_D-2_A_c0_sym_001,page829_D-2_A_c0,-1.2147472,-0.9685545
page829_D-2_A_c0_sym_002,page829_D-2_A_c0,3.761723,2.5719697
page829_D-2_a_c1_sym_001,page829_D-2_a_c1,1.0966779,0.43690836
page829_D-2_B_c2_sym_001,page829_D-2_B_c2,-0.99837196,-1.037081
page829_D-2_B_c2_sym_002,page829_D-2_B_c2,-0.9488564,-1.0277549
page829_D-2_D_c3_sym_001,page829_D-2_D_c3,-0.99837196,-1.037081
page829_D-2_D_c3_sym_002,page829_D-2_D_c3,-0.9488564,-1.0277549
page829_T-1_A_c0_sym_001,page829_T-1_A_c0,-0.99837196,-1.037081
page829_T-1_A_c0_sym_002,page829_T-1_A_c0,-0.9488564,-1.0277549
page831_H-382_A_c0_sym_001,page831_H-382_A_c0,1.8560339,1.1479037
page831_M-435_c0_sym_001,page831_M-435_c0,-0.668515,-0.7115015
page831_M-435_c0_sym_002,page831_M-435_c0,-0.6896032,-0.75312823
page831_M-435_c0_sym_003,page831_M-435_c0,-0.10357794,-0.39144692
page831_M-435_c0_sym_004,page831_M-435_c0,-0.714509,-0.7715741
page831_M-435_c0_sym_005,page831_M-435_c0,1.207222,0.5004457
page831_M-540_A_c0_sym_001,page831_M-540_A_c0,1.8560339,1.1479037
page846_M-382_A_c0_sym_001,page846_M-382_A_c0,-2.8133774,-0.9978095
page846_M-66_A_c0_sym_001,page846_M-66_A_c0,-2.8133774,-0.9978095
page852_M-312_A_c0_sym_001,page852_M-312_A_c0,-1.0226156,-1.1150298
page852_M-413_c0_sym_001,page852_M-413_c0,-1.0226156,-1.1150298
page854_M-440_A_c0_sym_001,page854_M-440_A_c0,-1.2432225,-1.1454775
page855_M-534_A_c0_sym_001,page855_M-534_A_c0,-1.2879632,-1.0670002
page855_M-534_B_c0_sym_001,page855_M-534_B_c0,-1.2879632,-1.0670002
page858_K-89_A_c0_sym_001,page858_K-89_A_c0,0.89285547,0.32917088
page858_K-89_A_c0_sym_002,page858_K-89_A_c0,0.17738816,-0.20946565
page858_K-89_A_c0_sym_003,page858_K-89_A_c0,-2.9643826,-1.2946146
